7094612390603390976,-1
4858092210970689536,-2
31069039374041088,3
8241988779133370368,4
119985841271552,7
20665460251951104,-8
7954330147702702080,9
8818462725576327168,10
29666062537326592,-14
117786952100864,18
7882826708749910016,-21
32731500721209344,22
80403422278656,-23
111189982999808,25
34455534953562112,26
8316304769819869184,28
32201712344825856,30
7935462757212618752,31
7739843214424670208,33
28555555692740608,-37
32199337093365760,38
30796360256192512,41
7741536443993948160,-43
27420859559051264,44
5724673678952628224,-45
28258687485345792,-48
435493692787,-50
32203735206526976,-52
30997850190839808,-60
8530134771961954304,61
29689152180781056,62
9132979074105344,65
8439872581082808320,67
504481210738,-68
121085586797824,70
418430153321,71
32405309741858816,-72
30997772807176192,-73
93816941117440,-74
7093013699069214720,-75
119165731995648,76
1869572980,77
1634558817,78
115910051037184,-79
31636722374672384,80
28548138377674752,81
1969381739,82
7596276711021346816,-83
1869376633,-84
5269320553113583616,85
1769367908,86
435778318848,87
8387240074391060480,-88
30240342506733568,89
8388357178204880896,90
7093013733428953088,-91
8243107259769421824,92
6998707487243239424,93
7021991926589030400,94
7164217049881772032,-95
52915967098880,-96
8244246353815797760,97
4859223606674063360,98
2333556663648256000,99
1970892666,-100
1970892576,-101
8223683008180256768,102
478375997184,103
435661185024,104
1769239137,105
7522454439475544064,-106
3756109201416388608,107
3618142160240508928,108
27338761318694912,109
2324830612952711168,110
7809644626087772160,111
29628958072897536,-112
474081293056,113
9042813660430336,114
1634558565,115
7233172565135458304,-116
14972188918546432,-117
8245929706117922816,-118
525620420608,-119
118151890206720,120
1768776300,-121
7378129231793881088,-122
1701994855,123
1869768052,-124
495690017792,125
7742373249115226112,126
1634165113,-127
58413318930432,128
1768647015,129
1633837411,-130
9126381996736512,131
1869310752,-132
34420349483352064,133
7522544547889414144,-134
4857543866439434240,-135
2336089947028586496,-136
8241998986408361984,-137
34180655948496896,138
139207209728,139
8819574643502350336,140
127682417262592,141
8439856069466914816,142
1869636961,-143
6134028539315355648,-144
5144343683474128896,-145
1869509664,146
7935457030075056128,147
5269326050671722496,148
1768711521,-149
29965443124953088,150
315302178560,151
7600233823304941568,152
435493364736,-153
5144317076151730176,154
1768847733,155
1869772151,-156
34165598950785024,157
1869048180,-158
1634888048,-159
491260747776,160
111189814607872,161
7737589282612707328,162
32405225100804096,-163
35323574747136,164
2324817418813177856,165
30246823478165504,-166
27437351135346688,167
30224949276835840,168
478375996416,169
7596579849813098496,-170
7813856876608618496,171
1768844832,172
1634889839,-173
1634298995,174
8238043729550639104,-175
8242847809385005056,-176
7449361053944643584,-177
125822768513024,178
27436251623718912,179
6159349055152455680,180
418380997888,-181
2336067621788581888,182
119199995461632,183
108990859313152,-184
29399160209801216,185
8389490680203837440,-186
7882828128622477312,-187
31353812979548160,188
8749485961257156608,-189
7863418127734800384,190
1769107322,191
129143046799360,-192
31365121477443584,-193
30434900146388992,194
504280019712,195
27707084896206848,196
1869770095,-197
1869308270,-198
7525361496679776256,199
491328009216,-200
9126398018977792,201
1869639532,202
78483572719616,203
139308982528,-204
7884502362709032960,205
8235232454412075008,206
7883947388509880320,207
8534165614187511808,-208
112568432787456,209
7166759863794532352,-210
7863391958499065856,-211
33052871775748096,212
3539885519645179904,213
7811052786950340608,-214
474080898816,215
33059468845514752,216
32757889160445952,217
93919818547200,-218
8367781703581696000,219
7737593629119610880,220
29672938856775680,-221
119986075926528,222
7454990239946244096,223
1869767017,-224
1634559841,225
13546486302244864,-226
1634758432,-227
7881701120614072320,-228
8461736273550245888,-229
130195145162752,-230
1869374830,231
7093018917454479360,-232
28537177453363200,-233
8532477863838875648,-234
5148288872928509952,-235
3689328206629830656,-236
1769629035,-237
7090198966481977344,-238
28552255925911552,239
20668757554757632,240
30517083204747264,241
1768645920,242
31632341340258304,-243
32463572130856960,-244
122511348727808,245
1869373812,-246
34469063002423296,-247
110369409925120,248
120265131753472,249
128781928890368,250
1634627328,-251
35636978253824,252
7454133896481865728,-253
1634760035,-254
33040463481012224,255
139208189184,-256
1635345780,-257
139207600896,-258
2336934371958718464,259
106791701905408,260
6155670080655982592,261
1634564453,-262
139073517824,263
6133989691336163328,264
9114270256070656,265
7445978956177604608,266
1751740960,267
1634494842,-268
2337213312904724480,-269
27713328553918464,270
23442825391636480,271
1869504867,272
7018987700044693504,273
9133782443491328,274
35602786156544,275
418246713856,-276
14409238948347904,277
29099813941280768,-278
87322749239296,-279
8462954506664017920,280
28539359229640704,281
8462937837895942144,-282
123284711276544,283
31077834134913024,284
5290721623530274816,285
8244229895501119488,286
1869373796,-287
107891212943360,-288
128781995999232,289
1970039913,-290
133180114862080,-291
7809650089286172672,292
73806353137664,-293
2336080029949100032,294
28549296693444608,-295
1634953588,296
7380385077466759168,297
108204812599296,-298
1869636972,-299
55114789879808,-300
73806582382592,301
7308906122897784832,-302
24044555930173440,303
35637262876672,304
1701012844,-305
7379548662650634240,-306
7237958739251167232,-307
8461249323043127296,-308
1768187251,-309
5269322752136839168,310
33051737904381952,-311
5292412809852747776,-312
8079581293416808448,313
115588028694528,-314
1969971556,315
8100131200099680256,316
28280677644369920,-317
474416152576,-318
30787899498692608,319
7886472687546007552,-320
91398667763712,321
114488411947008,322
1768320101,-323
1768382830,324
7310023226711605248,325
122545976901632,-326
8079569271803346944,-327
504146062592,-328
8530769244244148224,329
35602752339968,330
1634759528,-331
1633842540,-332
27620149238431744,-333
8241995687873478656,-334
1702128737,-335
139074302720,-336
474215051008,337
110386656051200,338
35602613403648,339
35323730984960,340
2335239689532866560,-341
7811810552325341184,342
491261206528,-343
91398533545984,344
7451609241690832896,-345
1868723570,-346
8811691931110211584,347
28552257251311616,348
8728083177148514304,-349
28548957391028224,350
7454982543364849664,-351
80403652149248,352
2314941970444713984,353
119986176917504,354
114767639412736,355
2314961396581793792,-356
1768843635,-357
1768846433,358
7956841792500924416,-359
6012141812746027008,-360
117786879721472,361
9125299715309568,362
31641120320520192,363
7379465065407184896,364
32487705619202048,-365
119199928877056,-366
8462948833012219904,-367
8377646521906102272,368
8079576929730035712,369
7953756515628744704,-370
32784277338849280,-371
9119784926969856,372
108204880166912,-373
7022063360485097472,-374
7310023209531736064,375
7935466165470494720,376
58413525630976,-377
418246714624,-378
126862217183232,-379
474081009664,-380
28263420465774592,381
474080550912,382
126879331123200,-383
91398604980224,-384
2337204795984576512,-385
7739845115400683520,386
2314972743885389824,387
7308052901874630656,-388
7935466191240298496,-389
7310016668296544256,-390
7008563406395408384,391
31279410925535232,392
31636387367223296,-393
1634494319,-394
7809630298076872704,395
28550371660005376,-396
134279826964480,397
112289594998784,-398
7743213233049174016,-399
2336918983090896896,-400
30240321031897088,401
1769234795,402
1769174117,403
7881702220125700096,404
7286932425966354432,-405
1768845088,-406
448311205888,-407
435560605440,-408
28817238228205568,409
31632324328161280,410
126862217773056,411
9117568656736256,412
465826179328,413
28539062876897280,-414
126862083620864,415
5149139534151155712,416
29099066616971264,-417
2333269643868766208,418
7089075248418521088,-419
7070762985337126912,420
7575188851094716416,421
7575181154513321984,422
1869640821,-423
1768055150,424
1869046125,-425
107126842392576,426
7596272136881176576,-427
91398772817920,428
8027138986818404352,-429
1768710518,430
474148400128,431
111189881389056,-432
1768711527,433
1635346806,-434
7307768931521921024,435
1869638761,-436
30518463113986048,-437
8439857241992986624,-438
80403488702464,-439
452741129472,-440
14695111971569664,441
119985908219904,-442
115944405860352,443
8317433086165909504,-444
112289393672192,445
1869375329,-446
418245796096,-447
20104988487319552,-448
7882833304058068992,-449
6998701989685100544,-450
1768843105,451
8246202440836186112,452
73806414610432,453
1768710498,454
27428555042324480,455
1635344749,-456
7666664099652042752,-457
8029180835745759232,-458
7305513085849042944,-459
7598535120789700608,460
31376902623068160,461
7737587032049844224,462
107143888568320,-463
27423337747578880,-464
30224966456705024,465
73806586773504,466
8319381536734445568,-467
32195274113810432,-468
8030611261718790144,469
7810774924041125888,-470
120265148399616,-471
1634558311,472
7012984680089649152,473
27338761251586048,474
107126843113472,-475
1701995884,-476
8247252418606137344,477
1634494823,-478
28539376543727616,-479
8367804020231766016,480
7888458740553220096,-481
1702126963,482
8243122687291949056,-483
1634626665,-484
139141013760,-485
7093018097115725824,-486
8100131986078695424,-487
1701012846,488
24051152832167936,-489
6134022990217609216,-490
8462946913161838592,-491
1667589888,492
8531350847240536064,-493
8242807148929613824,-494
7017559795217465344,495
7954616020189052928,-496
30510839479926784,-497
7809656686355939328,-498
119165501767680,-499
30809885234954240,500
2333220165845516288,-501
121085486628864,502
1702062452,503
1701995883,504
106791835467776,505
358183534592,-506
32758256732471296,507
107122591268864,508
28274439724466176,-509
1869379328,-510
34457959975092224,511
28554630505955328,-512
1919247104,513
1936290816,514
34180947469402112,515
499917455360,-516
27711425346535424,-517
113728284524544,518
1818322944,-519
1869373952,-520
448647004160,-521
28539400551923712,-522
129112706383872,523
113685452292096,524
33059518623514624,-525
491327389696,526
28556941198360576,527
1768909568,528
1869047808,-529
452806639616,-530
118126398144512,531
29384886338977792,-532
439720607744,-533
120325320736768,-534
29111120828563456,-535
32487635138117632,536
32767065710395392,537
33347504770646016,538
73805254885376,539
118126146486272,540
33335444502478848,541
1634034176,542
80730168229888,543
18970337970487296,-544
358250643456,-545
123598085816320,546
139308105728,-547
33048446197825536,548
35551105253376,549
29107860948385792,-550
1868788736,-551
118083196813312,552
125848598347776,-553
31619145506226176,554
31605951366692864,-555
121407652495360,-556
18974688772358144,557
34165438342496256,-558
9101121599569920,559
29688050900533248,560
28540521538387968,-561
27703608506056704,-562
27433248904708096,-563
32209596135243776,-564
1953064448,-565
112585789669376,566
478443601920,-567
30516348228468736,568
1869768192,-569
32758170833125376,-570
29103389887430656,571
30211568759209984,572
118014477336576,573
87335626604544,574
452673667072,-575
499851132928,-576
30799936329089024,-577
33617705458204672,-578
27426669014810624,579
114801858576384,580
1634169344,581
33065750621061120,-582
1700948992,583
32204059922399232,-584
1701606912,-585
133180141076480,586
1937055744,-587
123580889169920,-588
33050722530492416,589
9136366101200896,590
132080696557568,-591
133459347505152,-592
315166359552,-593
22371080190558208,594
1701013504,-595
22362365701914624,-596
478543806464,-597
461195706368,598
33051770502512640,-599
30515210062135296,-600
18978021666979840,-601
1768977408,-602
1634480384,603
122567109115904,604
74119911571456,605
32210652697198592,-606
30506444033884160,607
452840325120,608
30803307878416384,-609
108230743162880,-610
31372781887160320,-611
1634563072,612
28228251646164992,-613
27713478340902912,614
474316406784,615
474377879552,616
1769106944,-617
122518773956608,-618
111189841412096,-619
1635021312,-620
31365098190667776,621
474148896768,622
31354124549226496,-623
1869769472,-624
1869966592,625
29676278395174912,-626
33060618135142400,-627
504179785728,628
34187561719037952,-629
1851876608,630
1634672640,-631
33052844244336640,632
1986338816,633
504212029440,-634
1635350784,635
118100393459712,636
33043000179294208,-637
35628716654592,638
29113302671949824,639
1702066688,-640
139107434496,641
125848749342720,642
1870297344,-643
30529490828394496,-644
1768059392,-645
1819636224,-646
129108478525440,647
9128459066408960,-648
32481196982140928,649
9123141896896512,-650
125762615115776,651
29681733003640832,-652
32495464863498240,-653
119182674886656,654
31636711922466816,-655
499917848576,656
80403515834368,-657
34455859736084480,-658
33321193800990720,-659
14672402852085760,-660
33067077765955584,661
29103437132070912,-662
1969319424,663
31092440781815808,-664
30513049693585408,-665
1667327744,666
33058350392410112,-667
27416739050422272,-668
115918499741696,669
120350905991168,-670
113754171768832,-671
499883769856,672
1969448704,673
474432995328,674
130177958936576,-675
1635150592,-676
119200039305216,677
1633973504,678
30813950807375872,-679
1684632320,680
31645477950717952,-681
30526175113641984,-682
31354176088834048,-683
33024334251425792,-684
452673798144,685
1970038784,686
1768909824,-687
31632206501773312,688
24059964410560512,689
1869881344,-690
504280383488,-691
29672971270356992,-692
118100343128064,693
9141704745549824,-694
31364002974007296,-695
30235904043909120,696
418380120064,-697
20583287168696320,698
112654492368896,-699
1769108992,-703
435560054784,-704
31654312698445824,-705
30807667270221824,-706
32503079840514048,-707
27383826716033024,-708
1768843264,709
478442225664,-710
29666412855296000,-711
33059432724168704,-712
9120762485014528,-713
28266747438039040,-714
35602644860928,-715
28829645851852800,-716
126948210638848,717
32496542900289536,-718
123649776418816,-719
439721263104,-720
28791184419717120,-721
114784695484416,-722
31036228249845760,-723
1768829184,724
106791711014912,-725
469785837568,726
29380514062270464,-727
1702060800,-728
113564857663488,-729
33052835654402048,-730
27710325834907648,-731
1635018240,-732
1702261760,-733
452739923968,-734
1970041600,735
130160930062336,736
1818322432,-737
9140673953398784,738
28548136515403776,-739
125779979534336,-740
32207311212642304,-741
28254622745362432,-742
474416807936,-743
29663075665707008,-744
35551239471104,745
93816665145344,-746
33067163665301504,-747
31072701112123392,-748
525688045568,-749
1635393536,-750
9114208364920832,751
1868787456,-752
31651018458529792,-753
31644258180005888,-754
1701735936,-755
465491001344,756
27696096608256000,757
1634168320,-758
1768383488,759
1702063360,760
20665634576662528,-761
9115264926875648,762
27429933189955584,-763
29389297270390784,764
1633842432,765
28547054183645184,-766
32207345572380672,-767
32206108621799424,-768
1835625472,-769
24046684371681280,770
23456354001747968,-771
20667936679133184,-772
1633969408,-773
1635017472,-774
1768713472,775
30787914715627520,-776
491596742656,-777
31647732808548352,-778
1953065728,779
118066302156800,780
111524882415616,-781
28556949788295168,-782
435492945920,-783
32485534899109888,-784
34184130040168448,-785
1870296320,786
35637105262592,787
366917713920,788
521570091008,789
1650655232,-790
418390212608,791
1735852032,-792
500095254528,793
80698140524544,-794
1667694592,795
2054094848,796
448555646976,-797
1935867904,-798
1865547776,-799
461440548864,-800
138261037056,-801
418323103744,-802
131275675402240,-803
118072945934336,804
431224782848,805
131331509977088,-806
134612864991232,-807
117020678946816,-808
129076652146688,-809
1952972800,-810
452850614272,-811
2054750208,-812
1701445632,-813
499860373504,-814
91547227914240,-815
358143229952,816
1702166528,-817
504490885120,818
93879395155968,-819
126783139610624,820
109298327748608,-821
1769472000,-822
130219113447424,-823
119172457562112,824
35540854374400,-825
35648228556800,-826
127831111630848,-827
367051931648,828
35631048687616,-829
35622458753024,-830
111553185579008,-831
116982024241152,-832
57591216472064,-833
435519750144,-834
119211112267776,-835
133504763428864,-836
125868311576576,837
78567836745728,-838
127990025420800,-839
521335209984,840
491371102208,-841
117012089012224,842
452800282624,843
315478769664,844
1679818752,-845
115951232090112,-846
1819213824,-847
1634205696,-848
133354439573504,-849
1802698752,-850
1869283328,851
485331304448,-852
2013265920,-853
838860800,854
889192448,855
922746880,-856
7020584471869809010,-890
27338675494021497,-897
32123750098102628,-899
7882827808369549312,-901
8461266581856264192,909
7596763749196570624,-910
7091320173624107008,911
7954312556614345728,914
7307970423091390720,918
7308050408267390976,921
2334101696632659968,922
29675957906579456,930
2338601250535112704,938
127682556486002,940
28554456047642880,941
2338600898213511168,943
7811902711073144832,944
32203735139445760,945
7089075147108057088,946
7814696570119323648,947
8028546363471495168,-949
9130762937704448,950
32203735139885056,952
6998700964817403904,955
31362608878460928,-958
30787564162870272,960
7012984647493615616,-962
27713329785872384,-964
8819491048028438528,-965
127682422666089,967
7597045224174059520,-974
6155611868438396928,-975
7811901611623579648,976
8531260671875940352,-977
27977212677332992,-978
35323445603425,979
30510487467947264,980
23398025819594752,-982
7955925819479752704,983
7743222817084145664,987
7214886866963660800,-988
61711724997888,-990
80403657531392,-994
32485210351206400,-995
7954889799121240064,996
34375549912219648,998
7165068816773283840,-1000
7521418615485104128,-1001
9127464268398592,1003
32216929278951424,1004
20668758781591552,1006
435493365024,-1010
8822391279296970752,1011
8748644835398778880,1012
118886463857408,1013
27707085104611328,1020
121085486787840,-1021
8244156281573605376,1024
139140951397,-1030
435493366126,-1031
9120884507803648,1032
139140557929,1035
32205934493171712,1037
139140557935,1038
9127481582616576,1040
32208133185994752,1042
7023751884464717824,1044
113389005989120,-1047
111524756153344,1048
31362609079648256,-1049
31364807901642752,1050
7451608142716076032,1051
130160686145536,-1052
27338675493601280,-1054
27429655785766912,-1057
127682556617472,1058
35602752761088,-1059
35323680661504,-1062
30716375214915584,-1063
139207797101,-1065
118886329643776,1066
117786818016000,1067
33053657628147712,1069
129117008456704,1070
123284376154880,1071
418381001472,-1079
1869768044,-1080
8101820032780075008,-1081
1634890528,-1082
3900224389492244480,1083
3828166795454316544,1084
126583045095424,-1085
1869640801,-1086
23478337338867712,-1087
8463511782965641216,-1088
1634758517,-1089
119062422552576,-1090
2328198644701855744,1091
1634494818,-1093
73806587625472,-1094
452840944896,-1095
35619831611392,1096
7593460848857710592,-1097
435543436288,1098
8531339869304127488,-1099
7451608455711817728,1100
1768186221,1101
35637094842368,1102
33050357995143168,1103
6008209181776019456,-1104
93932636733440,1105
1635346796,-1106
461263085568,-1107
31083332917788672,1108
418380800256,-1109
7886492654848966656,1110
126583039852544,1111
1970959725,1112
1634495605,-1113
126862414053376,1114
30799954045829120,1115
1702062445,-1116
28543774523129856,-1117
34446737762418688,1118
29689430121906176,1119
117787047493632,1120
139207013632,-1121
504145649664,-1122
9115369700589568,1123
1634887017,-1124
1635019107,-1125
7090192386592079872,1126
129881445564416,1127
20110486045458432,1128
1768976236,-1129
7233177276714582016,-1130
139072794368,-1131
139476344832,1132
1633968499,1133
110266329858048,1134
448378334208,1135
8026675027271221248,-1136
139072725248,1137
9130780110356480,1138
8245928640966033408,-1139
113388905103360,1140
8097873902727856128,-1141
7935456209736302592,1142
7022067758531608576,1143
7811896417311522816,1144
122184993341440,1145
1869768057,-1146
31636739386769408,1147
29590509693435904,1148
1769234804,-1149
1869767034,-1150
1701603681,-1151
118152225292288,-1152
107083826135040,1153
4855280934070517760,1154
117787153137664,1155
27691674486439936,1156
5723062909970415616,-1157
119199928614912,-1158
7310019910996852736,1159
112628561870848,1160
28254615782817792,1161
7740959139722952704,-1162
139207074560,-1163
139207057408,-1164
1768776303,-1165
115588124901376,1166
1869374496,-1167
127978942955520,1168
8749730271881854976,-1169
7233181674761093120,-1170
1634495520,-1171
474215047424,1172
7719287911568375808,-1173
7575164941011779584,1174
7671163335592640512,-1175
8244231780991762432,-1176
35602819252224,-1177
1702126962,-1178
93597897326592,-1179
29354153314615296,1180
435627040768,1181
115914341089280,-1182
80729969000448,-1183
1700947314,-1184
107126944104448,1185
8028069208015241216,1186
1701601644,-1187
367042388736,1188
7958833746793201664,1189
8241987991292084224,1190
7881714280393867264,-1191
1769236837,-1192
1768976384,-1193
106791794900992,-1194
126948093198336,-1195
341003993088,-1196
111510772776960,1197
28557018507771904,-1198
35606973382656,-1199
1668246272,1200
31370600043773952,-1201
469786427392,1202
107075296296960,1203
32745019643265024,-1204
126879474384896,1205
31362783203295232,-1206
115737020596224,-1207
452634607616,1208
1701278464,-1209
28259012201938944,-1210
1700995072,-1211
474080673792,1212
28542724856610816,-1213
1769633280,-1214
28826360201871360,-1215
1818322688,-1216
107105361068032,1217
1635149056,-1218
32213925462278144,-1219
107156934230016,-1220
31377214293409792,1221
30517258761535488,-1222
1634494464,-1223
9123116127092736,1224
123563877072896,1225
27421085557325824,1226
27423353300058112,-1227
9123094652256256,-1228
29389310155292672,-1229
9042722929246208,-1230
35662875066368,1231
29099069150330880,-1232
426970906624,1233
122464164118528,1234
1635022080,-1235
31650958328987648,-1236
106942018093056,-1237
1768976896,-1238
27710308655038464,-1239
119200022528000,-1240
121364837040128,1241
34447063643062272,-1242
27981935271739392,-1243
127978952458240,1244
1818583296,-1245
30525092781883392,-1246
9137444137992192,-1247
34184267479121920,-1248
20667833599918080,-1249
1633820672,-1250
29965441363345408,-1251
1768497152,-1252
28817589878652928,-1253
28277691014709248,1254
114784796147712,-1255
35602946850816,-1256
289464057856,-1257
1936662528,-1259
1869639424,-1260
9132960192135168,-1261
9087936049971200,-1262
27424332552601600,-1263
1634891008,-1264
30518358273163264,-1265
9125280790609920,1266
32776944135176192,-1267
32767035645624320,-1268
28259037971742720,-1269
28259020791873536,-1270
418564341760,1271
31082510817427456,-1272
1635021568,-1273
9127548533342208,-1274
1634167808,1275
1868721920,-1276
123598035484672,1277
24051082418192384,-1278
31088042735304704,-1279
9081317505368064,1280
27980822875209728,-1281
1769171968,1282
9081300325498880,1283
125797092294656,-1284
32499798485499904,1285
30233743675359232,-1286
33058333212540928,-1287
34187587488841728,-1288
27691647022137344,1289
133493573025792,-1290
119182741995520,-1291
504390221824,-1292
206695301120,-1293
1735655424,-1294
1735393280,-1295
1936195584,-1296
482781167616,-1297
1869217792,-1298
1651179520,-1299
1635188736,-1300
121371480817664,1301
109324097552384,-1302
435754631168,-1303
111467286233088,-1304
132418136702976,-1305
35643933589504,-1306
114688511705088,-1307
1701380096,-1308
1769406464,-1309
1646264320,-1310
1634009088,-1311
1953693696,-1312
1797259264,-1313
1752104960,-1314
1996488704,-1315
7958530283218477056,1328
29380189514328864,1329
29590475307379066,1331
29680356087898112,1335
30153425260734720,-1338
2338306581615083520,1339
7955925819345469440,1340
9042802007828736,-1342
35323444994048,1343
23999179507171328,1344
121085486722816,-1349
80403421732864,1351
125762732556288,-1352
418413637152,1353
34446738860081152,1354
20665460112490496,1357
23960975639183360,1359
32123750097682432,-1360
139207666027,-1363
2336067958557638656,1364
115587928844544,-1366
139207795813,1368
30153425126817792,1369
117786951836928,1370
139308723301,-1371
31362887917109248,1372
122184926232576,1373
8751163816001142784,1374
9126364951085056,-1375
1635148147,1376
31351978827186176,1377
7234308639819825152,1378
33059154088165376,1379
32488822243590144,-1380
465625244928,1381
1969381737,1382
125848471273472,1383
9114326291972096,1384
121235805569024,-1385
418313435392,1386
1970499435,1387
1869767285,-1388
7525363695703031808,-1389
1768386145,-1390
1701733741,1391
7308054018566127616,-1392
7089066349246283776,-1393
7449355556386504704,-1394
139208105984,1395
1869767269,-1396
1701733753,1397
1768057195,1398
127961595183104,-1399
139207729920,-1400
1970169717,1401
8099005283012968448,-1402
7595728041834184704,1403
115867101364224,1404
7020960537437536256,-1405
29674857297870848,1406
127682484371456,1407
1869636978,-1408
491260701696,-1409
1634427251,-1410
8028911399562379264,-1411
29099066717634560,1412
8382724066603171840,1413
139072924672,1414
435493347328,-1415
7585022118589366272,-1416
1970430307,1417
7286951117664026624,-1418
1701734176,1419
7881706618172211200,-1420
31072651518672896,1421
3473999763546832896,-1422
8101772736600211456,1423
110090370416640,1424
122185098985472,-1425
1634888034,-1426
8463515377853267968,-1427
9094586353844224,1428
8388065494090907648,-1429
1634885920,-1430
139140953088,-1431
139207010560,-1432
452890796032,1433
1635017068,1434
1701602658,1435
2338319756609716224,-1436
7018134479021539328,-1437
4848524538197049344,-1438
452740390912,1439
29114458018152448,1440
31632300991053824,-1441
1751326720,1442
115587804037120,-1443
31079246642282496,1444
113685401960448,1445
118151916290048,1446
1768123392,-1447
448311001088,-1448
35688745533440,1449
23481621294350336,-1450
478442946560,-1451
1802467072,-1452
78483615121408,1453
1635413760,1454
1869903104,1455
474247921664,1456
31365033766158336,1457
30240336450158592,1458
31351951295774720,-1459
35704600002560,1460
30774694806290432,-1461
93932562153472,1462
1869768448,-1463
32780229785157632,-1464
31639980392579072,-1465
121364920926208,1466
27413440515538944,-1467
1970039040,-1468
499917127680,-1469
1768779520,-1470
452789862400,-1471
125779912425472,-1472
32199661875888128,-1473
34462482575654912,-1474
1768300544,-1475
27988558111309824,-1476
35323455209472,-1477
1869376768,-1478
1869772288,-1479
120282354286592,-1480
499984564224,1481
1634690816,-1482
28539426321727488,-1483
121085362176000,-1484
1768841586,1485
119199988973568,-1486
31081308226584576,-1487
366774321152,-1488
139140202496,-1489
1868849408,1490
31095425784086528,-1491
27433231724838912,-1492
119062583574528,1493
9115368006090752,-1494
504482103296,-1495
33054021065375744,-1496
119251729907712,-1497
20666837167505408,-1498
133459146178560,-1499
495900950528,1500
123609158778880,-1501
1869676544,-1502
1735524352,-1503
87308095193088,-1504
1634336768,-1505
74169790234624,-1506
109328392519680,-1507
2037710848,1508
7882827808196526080,1513
27428835312822528,1516
31069039374639104,-1517
125483399410537,1518
6010456263054458880,-1520
31069039274387712,1521
35602752694560,-1522
119165502974208,1523
33325572074635264,1528
2333254252333367296,1529
123284509975808,1533
29103447591026688,1534
139140557157,-1535
126583044859136,1536
139140622707,1537
7883958384163028992,1539
32216126254350336,1540
139408995328,-1541
8819585638618628096,-1542
32770262927671296,-1543
1634890612,-1544
31358488772870144,1545
35602618056704,1546
1634495845,-1547
1635018099,1548
35688853274624,1549
8749765456253943808,-1550
126948318052352,-1551
7450486919491747840,-1552
31367286090629120,-1553
1769562475,-1554
107118253506560,-1555
111189742845952,1556
1869767968,-1557
1868718441,-1558
8319681681933991936,1559
114767455649792,-1560
117786946830336,1561
80729840615424,1562
9125351473020928,1563
14672300309741568,-1564
1701733742,1565
1667854183,1566
1869640992,-1567
9130796065488896,1568
418380540928,-1569
1869376623,-1570
8245375492127981568,-1571
32211711020761088,-1572
1970435430,-1573
418246718208,1574
121085418930176,-1575
1769631077,1576
7017278294470950912,-1577
8746395513244352512,-1578
7234314154557833216,-1579
80681497526272,-1580
29681750183510016,-1581
1769107968,-1582
18939577414713344,1583
1953854208,-1584
1869635840,-1585
111189757526016,-1586
139309154304,-1587
28542673317003264,-1588
418431434752,-1589
32182069689843712,-1590
27415725438140416,-1591
1870029056,1592
1869641984,-1593
9114354393808896,-1594
1869378560,-1595
139072700416,-1596
1868785664,-1597
461195444224,1598
9140377600655360,-1599
1634891264,-1600
469786558464,1601
28839584406175744,1602
1701012224,-1603
504146493440,1604
32162231235903488,-1605
1633904640,-1606
33053969525768192,-1607
1633903872,-1608
1633840128,-1609
30244717316800512,-1610
9120951463575552,-1611
435593216000,-1612
134575971893248,-1613
30792286992334848,-1614
452740448256,-1615
32776858235830272,-1616
525620412416,1617
32218340688658432,-1618
1869639680,-1619
28263410248450048,-1620
27973164948520960,-1621
32195263829377024,-1622
452739727360,-1623
32204089987170304,-1624
1634496256,-1625
1635345664,1627
31370617223643136,-1628
121381765251072,-1629
32199691940659200,-1630
121399045783552,-1631
1634166016,-1632
1818326272,-1633
125848799674368,-1634
110449378983936,-1635
208087810048,-1636
109354162323456,-1637
1701117952,-1638
115925462286336,-1639
1769275392,-1640
122479582380032,-1641
1801584640,-1642
447213469696,-1643
1735327744,1644
109165183762432,-1645
114825950658560,-1646
123458834923520,-1647
1746927616,-1648
35656818491392,-1649
28464575400864121,-1650
32206213469839360,-1657
7310503697747935232,1658
28556655204263168,1659
9132979140820992,1665
35602802241024,-1666
418380605817,-1667
435493431674,-1668
29085846642622464,-1669
9042802007408640,-1670
7954589632446857216,1671
35602753479680,-1672
139308328224,1673
418380999034,-1674
115587794760448,1675
1869374569,-1677
125659492581376,-1678
1869636969,-1679
1634561900,1680
27428835339272192,1681
7743488132430954496,-1682
7597119989195210752,-1683
1869636974,-1684
1634889829,-1685
1634492777,-1686
1634890607,-1687
35654404669440,1688
29672955852095488,-1689
1634954337,1690
418380014848,-1691
114801815453696,1692
8097872768856489984,-1693
1869440364,1694
139140950272,-1695
2334391180088836096,1696
8811693030621839360,1697
20666735833120768,1698
27691665829396480,-1699
1768055148,-1700
2338588054626762752,1701
29380541593681920,-1702
1634888051,-1703
2337205895496204288,-1704
1868720128,-1705
452941709312,1706
35637021376512,1707
113753970442240,1708
1769174272,-1709
80738657501184,1710
31639997572448256,-1711
121364702822400,1712
1634496512,-1713
1667329280,1714
1702262272,-1715
315234582528,1716
1635131392,-1717
139408637952,1718
29118817409957888,-1719
34139226157088768,-1720
1769634304,-1721
32198549479358464,-1722
1701998592,-1723
30799970688827392,-1724
31351925525970944,-1725
120299500601344,-1726
1635000320,-1727
465886511104,-1728
474124124160,1729
1802371072,-1730
122548301856768,-1731
115736483725312,1732
127856881434624,-1733
1751449600,-1734
1702494208,-1735
32123749963800576,1740
2333267445382381568,1743
114767589941248,1744
9118741256667136,-1745
35323445932800,1748
28550371532537856,1749
106791701738240,1750
1701998201,-1751
1634497637,-1752
30510838322298880,-1753
118886463504384,1754
139207731456,-1755
129104124182528,-1756
30240333782581248,1757
7237133319551320064,-1758
7596565835334811648,-1759
35602618843136,1760
1768778099,-1761
18974746368540672,1762
35602753257472,1763
1969386866,-1764
32209511863287808,1765
139072858368,-1766
1768711269,-1767
1768710515,-1768
1634167162,-1769
2324813372953985024,1770
33050696760688640,-1771
1633886208,-1772
111503340470272,-1773
1869047040,-1774
1769104128,-1775
30237003555536896,1776
1634755328,-1777
431260434432,1778
107148310740992,1779
1869767424,-1780
1953068544,-1781
27700460295028736,-1782
1702064896,-1783
1633776640,-1784
1969975040,1785
27980685436256256,-1786
9094533119737856,-1787
93952409600000,1788
2037383168,-1789
130055904690176,-1790
74144020430848,-1791
134453951201280,-1792
210453397504,-1793
27428732233646080,1798
139140556147,-1799
139073577319,1800
139208058112,-1801
27691665896505344,-1802
27422272830570496,1803
139409104896,1804
9114342045777920,-1805
1701536032,-1806
35636977532928,1807
1635346797,1808
139140954368,-1809
7666664134011781120,-1810
139208123648,1811
121364660486144,1812
31365121360003072,1813
1635021921,-1814
7233183916734021632,1815
1769370112,1816
1701011712,-1817
1634758656,-1818
139307778048,-1819
35637189148672,1820
32487703857594368,1821
465491460096,-1822
1869768960,-1823
1633838336,-1824
461196034048,1825
29682832515268608,-1826
33006690525773824,1827
1701606400,-1828
31652057840615424,1829
1970434048,1830
32762637599113216,-1831
1635057664,-1832
1868955648,-1833
139150229504,-1834
111484466102272,-1835
1885863936,-1836
2337479731422691328,1838
7017849707144478720,1839
139308725365,1840
8314052149784870912,1841
7598532583000899584,1842
114767455723520,1843
2336041561688637440,1844
139140557166,-1845
139408990578,-1846
435494152557,1847
7950379881060106240,1848
139140014080,1849
1869440378,1850
112289393737728,1851
108256620380160,1852
1701995898,1853
8749198215628193792,-1854
1634427168,-1855
1769367929,1856
139072792832,-1857
418380474624,-1858
1768644974,1859
482670936064,-1860
367042625536,-1861
115901454090240,1862
139190337536,1863
35551122030592,1864
107152807034880,-1865
418564603904,-1866
31644361259220992,-1867
1667853056,1868
1802466816,-1869
32211743618891776,1870
127961789366272,-1871
1969383680,-1872
119251528581120,-1873
133492415397888,1874
31357423084109824,-1875
1768322048,1876
9137392598384640,-1877
35665408425984,-1878
35673998360576,-1879
131292855271424,-1880
122496762249216,-1881
107086419591168,-1882
1778384896,-1883
30997850191260025,-1885
28263420539969536,1886
127682556617984,1888
139140687212,1889
139073841516,-1890
139072925440,1891
31632340182630400,-1892
469853038848,1893
7594031181859913728,-1894
1634493541,-1895
7669478883778887680,-1896
35602752995328,-1897
113616471851008,1898
1701734249,-1899
1701867008,1900
1702263296,-1901
29675170293612544,-1902
80755669598208,-1903
1701605376,-1904
1768712960,-1905
1868786432,-1906
358116884480,-1907
1769611264,-1908
118100410236928,-1909
31080311794171904,-1910
29099039085559808,-1911
35637038153728,1912
448589201408,-1913
108241765793792,-1914
1802305536,-1915
114851720462336,-1916
119223997169664,-1917
116999204110336,-1918
139207338349,-1921
139207797102,-1923
139139967340,-1924
33059155186155520,1925
7162250768471293952,1926
7525352700586754048,-1928
418247155712,1929
1769630066,-1930
139073845504,-1931
7162260975746285568,-1932
2338619927579066368,1933
1869442149,1934
5723623725325090816,-1935
1634955108,1936
474148642816,1937
30506441366306816,-1938
1634498816,-1939
358183993344,-1940
504213143552,-1941
1818323200,-1942
33321189506023424,-1943
504207769600,-1944
9136314561593344,-1945
130177925382144,-1946
1702261248,1947
27421137096933376,-1948
111471581200384,-1949
1802895360,-1950
35682588295168,-1951
133543418134528,-1952
2334101696631955827,-1953
35602752758784,-1954
452740737312,-1955
32968174893924352,1956
7671155639011246080,-1957
7163386875653128192,-1958
111541935210496,1959
1970301216,1960
4855287668579237888,1961
7234314171737702400,-1962
9114343136296960,-1963
9129736634630144,1964
7306090290798919680,-1965
111516158263296,-1966
29675135933874176,-1967
30804334375600128,-1968
33329959829241856,-1969
108256462635008,1970
521325641728,-1971
119219702202368,-1972
115882512613376,-1973
115865332744192,-1974
1634074624,-1975
1868890112,-1976
35688701566976,-1977
20091850056073216,1978
119062423365888,-1979
27338675359711232,1981
111189748249344,1982
126759004405760,1985
119165636247552,-1986
8461266936704008192,1987
139073363968,-1988
32481138614206464,-1989
1701735279,1990
1634759273,-1991
9130780043247616,1992
7091318286498922496,-1993
28817564108849152,-1994
110402671214592,1995
126896570368000,-1996
32493201415733248,-1997
139385110528,-1998
1870135296,-1999
1895825408,-2000
31636722213978112,2002
80403422671616,2004
435493366138,-2005
1768846447,-2006
35688512749568,-2007
1634888057,-2008
139207012096,-2009
139207336192,-2010
127682551480320,2011
139207835648,-2012
139139809280,-2013
118066016944128,2014
1818326528,-2015
1701864704,2016
1802764288,-2017
460098371584,-2018
35497904701440,-2019
2036924416,2020
35661113458688,-2021
515396075520,-2022
7596276386238431232,2023
7597116737904967680,-2026
1634758510,-2027
30510800892329984,2028
139074301184,-2029
126583145758720,-2030
1769367923,2031
1768776297,-2032
9081284773019648,2033
2338293385510518784,2034
7597118924043321344,2035
5292412775493009408,-2036
1868722688,-2037
31612548436459520,2038
474248839168,2039
1701601792,-2041
31364020153876480,-2042
139308725614,-2043
35602752758016,-2044
121085352899328,2045
139308726528,-2046
1868789024,-2047
7020674526975361024,2048
7882834717102309376,2049
7214882524214853632,-2050
9114317500710912,2051
139207797504,2052
5290718428074606592,2053
418314059776,2054
125822828544000,2055
465625350144,-2056
27411275852021760,-2057
1634560768,2058
289526513664,2059
435561037824,2060
1634889216,-2061
20583275918655488,2062
139140687136,2063
28821963916967936,-2065
24053350697795584,2066
32496517130485760,-2067
1869771776,-2068
1633837568,-2069
121399112892416,-2070
9114324329037824,-2071
125779785089024,2072
120265147875328,-2073
35688852684800,2074
1768842085,2075
1768977152,-2076
1869771520,-2077
1970413568,2078
32770295525801984,-2079
120211839647744,-2080
139073840225,2082
35602752760064,-2083
91677845561344,-2084
1635344743,-2085
139073839360,-2086
9125325703217152,2087
1634887028,-2088
27416773410160640,-2089
139140726784,-2090
133459381059584,2091
1634498048,-2092
1768121600,2093
91710436671488,-2094
121423020425216,-2095
2334097298585444723,-2096
1769236834,-2099
7092150638275985408,-2100
1702000225,-2101
27703745945010176,-2102
74120012234752,-2103
107069239721984,-2104
9130762930487296,-2106
130195040239616,-2107
2333265280181993472,-2108
123579630878720,-2109
1768780288,-2110
1701342976,2111
27703711585271808,-2112
23482686446239744,-2113
478505074688,2114
93956704567296,2115
139207666038,-2117
139073842281,2118
435560539237,-2119
6157097324058247168,-2120
139308826624,-2121
1769239040,-2122
120265023422464,-2123
1701994752,-2124
27422238243553280,2125
9132979073581056,2126
1633841664,-2127
1768169472,-2128
1869770496,-2129
139207665010,-2130
2337475350486843392,2131
30224940619792384,2132
452606164992,-2133
33056134189285376,-2134
474090569728,2135
511101108224,-2136
1979711488,-2137
139207076096,-2138
1869573888,2139
9134061467467776,2142
126896503259136,-2143
123563709300736,-2144
28791201599586304,2145
455266533376,-2146
30198578110529536,-2149
1634887424,-2150
418430386176,-2151
111524915970048,2152
125848464130048,-2153
115944403763200,2154
34427272433762304,2155
139318001664,-2156
474107346944,2157
1802240000,-2158
429496729600,-2159
7737591397500321792,2160
2338324173530595328,2162
1869439339,2164
35602618384384,2165
32217284126703616,2166
418379857920,-2167
28549270386769920,-2168
465718738944,-2169
2036596736,2170
139468996608,-2171
2333556691045449728,2172
9127464496267264,2173
1969774848,2174
109302622715904,-2175
125821066936320,-2176
7887337217754923008,-2178
1634626415,-2179
139207796992,2180
126948318314496,-2181
1869375744,-2182
35602753481728,-2183
113590701588480,-2184
1634497312,-2185
1969381753,2186
8242002284943245312,2187
30787899398029312,2188
7598253585683447808,2189
32762594649440256,-2190
112583977730048,-2191
112628556890112,2192
125762806415360,-2193
495690383360,2194
108255187566592,2195
461263142912,2196
1700948256,2197
1869771264,-2198
1768779264,-2199
32776892595568640,-2200
32476740433477632,2203
9125265372348416,2204
28548170875142144,-2205
504481447936,2206
112601157599232,-2207
118126120148992,2208
1869378925,-2209
1869506401,2210
1635148544,-2211
139140005888,-2212
32487688439332864,-2213
9123111832125440,2214
118100477345792,-2215
1701183488,-2216
109285442846720,-2217
20674535510507520,-2218
139141409024,2219
435543439872,2220
495617835008,2221
112463718645760,2222
1701603693,2224
1701733747,2225
1768975457,2226
1635018752,-2227
474315554816,2228
118126120476672,2229
139207797861,-2230
1634756980,-2231
24044554604773376,2232
315210334208,2233
112566797860864,-2234
525687613696,2235
9126449021714432,-2236
452673562880,2238
1869376617,-2240
1701606144,-2241
139135549440,-2242
28555850276667392,-2243
121362890883072,-2244
35602752104704,-2245
1869770240,-2246
1869770752,-2247
1634495585,-2249
7377303502856388608,2250
29676269805240320,-2251
1701343744,2252
35618163785728,-2253
435560409451,-2256
1634889061,-2257
30240342439624704,2258
139208097792,-2259
474275119104,2260
1870030080,-2261
2336067952501063680,2262
1769105780,-2263
9134061331152896,2265
1768715776,-2266
1635148032,-2267
125711142617088,2268
1634271232,-2269
1869374720,-2271
1948254208,-2272
109268262977536,-2273
418381390080,-2274
27710394554384384,-2275
9125160531525632,2276
139368333312,-2277
18987955926335488,2279
1803100160,-2280
1768712570,-2281
1634626421,-2282
1634561129,2283
1634497536,2284
139208321312,2285
1768226816,-2286
31636722214436864,2287
9114371573678080,2288
418381392128,-2289
1868783872,-2290
118126119952384,2291
139408965632,2293
1634755840,-2294
1702131200,-2295
418430648320,2296
139140557164,-2297
113668071096320,-2298
80741090197504,-2299
23398025812508672,2300
418380998944,-2301
107126776266752,2302
491394965504,2303
9134078652252160,2304
123596273876992,-2305
418381037568,-2306
442381631488,-2307
9130762796269568,2308
33325587552534528,-2309
491395096576,2310
139207663872,-2311
1768843109,2312
1969386752,2313
1769240832,-2314
1970892544,2315
315227111424,-2316
118126120402944,2317
495689949440,2318
9126397482106880,-2320
28559148811550720,-2321
1702259066,-2323
110369536212992,-2324
1869377280,-2325
1869638753,-2326
1953066752,-2327
1931476992,-2328
1634494822,-2329
7019811586441216000,-2330
110384954474496,-2331
418380540192,-2332
1869373728,-2333
32762611829309440,-2334
8030609047149805568,2335
119062422814720,-2336
1769632256,-2337
1868627968,-2338
418246361088,2339
80728205295616,-2340
121397787492352,-2341
2032140288,-2342
7089066486685237248,-2343
125796991631360,-2344
139073841440,-2345
35602753519616,-2346
1634890752,-2348
74102832365568,-2349
438623535104,-2350
481573208064,-2351
35602618785792,-2352
139141211136,-2353
495684943872,2354
108185931218944,-2355
1869086720,-2357
9137375418515456,-2358
111516225372160,-2359
504146165760,-2360
35688510652416,2361
1634889472,-2362
418380539136,-2363
139140949248,-2364
9115402365829120,2365
1634890240,-2367
119251394363392,-2368
107118253047808,-2369
122509647151104,-2370
139073840128,-2372
474375782400,2373
438086664192,2374
1869767680,-2375
108170512957440,-2376
115922869288960,2377
9134078578130944,2378
130160745512960,-2379
139267670016,-2380
1635150080,-2382
139140490612,-2383
491328307200,-2384
34459145386065920,-2385
1701604352,-2386
1701667429,2388
2334397777158602752,-2389
29674038183854080,-2390
108091441938432,-2391
35551138807808,2392
27691689971810304,-2393
1970667520,2394
1768715264,-2395
1768383744,-2396
110402134343680,-2397
504481579008,2398
139074298985,-2399
139409060352,2400
35602618777600,2401
435493823744,2402
1801977856,-2403
1635017984,-2404
1702258688,-2405
139207712768,-2406
78483699007488,-2407
8462954644102971392,2408
1845493760,-2409
139308498944,-2410
129134114111488,-2411
306704285696,-2412
29680633492013056,-2413
340929806336,-2414
113589000077312,2415
446676598784,2417
139072924018,2418
1869938688,-2419
125797058740224,-2420
120282311622656,2421
421443665920,-2422
1801781248,-2423
133474698657792,-2424
499845693440,2425
27437664131088384,2427
1701999104,-2428
139073842176,-2429
519691042816,-2430
139073511795,2431
435493339136,2433
315167080448,-2435
435492645120,2436
29380541459464192,-2437
9132977372004352,-2438
461196099584,-2439
126759282409472,2440
1768844288,2441
1634563442,2442
418380603648,-2443
1864368128,-2444
29672938672226304,-2445
418245667072,2446
139141018880,-2447
1769107200,-2448
474392559616,2449
1701314560,-2450
1634628705,2451
418380540263,-2452
1702457856,2453
120282320732160,-2454
116964844371968,-2455
1953431552,-2456
1869050368,-2457
121398945120256,-2458
9127464263483392,2459
2334946472115568640,2460
500179140608,2461
2336635321975832576,-2462
139140555008,-2463
504481120256,2464
139141014784,-2465
127961722257408,-2466
139073577323,2467
1869479936,-2468
425201762304,-2469
1660944384,-2471
35688853733376,2472
418380521472,-2473
134557030416384,-2474
1969976576,2475
119181047496704,-2476
139139874816,-2477
31632339645759488,2478
118151882735616,-2479
1970435328,2481
418380540267,-2482
139141382144,-2483
452598956032,-2484
133459280396288,-2485
139073880064,-2487
139073579776,2488
111514530873344,2489
108254650695680,-2490
1869414400,-2491
452740251648,-2492
418245705728,2493
137975824384,-2494
35602618515456,2495
481036337152,2496
114765821116416,-2498
1768423424,-2499
1767964672,-2500
32499815665369088,2501
1869807616,-2502
1635385344,-2503
435560316928,-2504
435492683776,2505
121380070752256,-2506
1769340928,-2507
126946348367872,2508
2046820352,-2509
498753077248,-2510
1677721600,-2511
9127464395603968,2512
139207778304,2513
493921239040,-2514
366766718976,-2515
523986010112,-2516
1701838848,-2517
139207770112,-2518
125779878871040,-2519
126757369806848,-2520
133491878526976,-2521
418306326528,-2522
356482285568,2523
418380538226,-2524
139141210368,-2525
139250892800,-2526
125762699001856,-2527
113685191327744,2528
9094524529803264,2529
9125263610740736,2530
115914338992128,-2531
35551407243264,2532
139140661248,-2533
506806140928,-2534
315294220288,-2535
1701642240,-2536
491322867712,-2538
27423337881796608,-2539
139207114752,-2540
499977814016,2541
127977140518912,-2542
1634533376,-2543
491387879424,-2544
1970170624,2545
1912602624,-2546
474258341888,2547
1633943552,-2548
9125212071133184,2549
459561500672,2550
468151435264,-2551
478368759808,-2552
9127479813865472,-2553
435493404672,2554
1634598912,-2556
472983273472,2557
127994320388096,-2558
1629487104,-2559
1744830464,-2560
1763704832,-2561
1962934272,-2562
435486195712,-2563
418239217664,-2564
472446402560,-2565
0,2566
