2338248266879074304,1
2337212492565970944,-2
119225760874496,3
7598809985811742720,4
34455861497692160,5
32123810371076096,-6
27428895770804224,-7
127978842554368,-8
5289231888353853440,-9
34450212390961152,-10
7575182550377693184,11
8079576912550166528,12
27620073086648320,-13
7093013784968560640,-14
7233195830973300736,-15
7885647233486422016,-16
126862217641984,-17
29308922946912256,-18
8007528097425391616,-19
28464591348432896,-20
7503117242578501632,21
7018125996461129728,-22
4836996175959687168,23
8097864032893009920,-24
32123750174425088,-25
29665276651896832,26
125762588442624,-27
1634299497,28
110403903488000,29
7234298761395044352,-30
8243114990710554624,-31
9135247077670912,-32
32196403958644736,-33
29669640003125248,34
125779935821824,-35
7596844059021279232,36
7019812698837745664,-37
1635344750,-38
7022364579426467840,-39
34093997550993408,-40
7959393677384613888,-41
126879398035456,-42
435493824768,43
2326500010906091520,-44
126862084014080,45
8389209308306341888,46
8800145152053084160,47
7024034754768928768,-48
31072616840167424,-49
29079275340562432,50
28554751301910528,51
5144553750324576256,52
7090192386592079872,53
109330026987520,-54
7020096321298104320,-55
7022365713297833984,-56
1634886688,-57
418246323200,-58
121399019700224,-59
8532476729967509504,-60
7598544990624546816,61
8386105404160999424,62
134558949376000,63
7309179884113231872,-64
7454984007948697600,-65
9135221257535488,66
108170385817600,67
2334307582845386752,68
8747517032284553216,69
8243116073042313216,70
120265013723136,-71
1634886757,-72
7310024309043363840,-73
2333272942403649536,-74
28539376476618752,-75
110266464075776,-76
108230515490816,77
8028911416742248448,-78
2338619901809262592,-79
2333546720798965760,-80
32686700194955264,81
35619865493504,82
7019267272350892032,-83
7523580176173629440,84
1701999392,-85
9132961953742848,-86
29646567505920000,-87
7023962169821626368,88
7815188329355280384,89
1970037107,-90
32405223842512896,-91
2335433405442818048,92
435493418240,93
35602618777600,94
478559695360,-95
9126399159828480,-96
3467882140979429376,97
7935434219503747072,-98
1970495852,-99
2334399976181858304,100
7450486936671617024,101
7161040483479715840,102
7719280129087635456,103
2334397802928406528,104
7596284394717839360,105
418380999680,106
5145679572922007552,107
1970562336,-108
1701603698,-109
1818586725,110
7598254719554813952,111
1701995365,-112
29667456532348928,-113
30787841701183488,-114
9098961231020032,-115
22355721387507712,-116
27973117703880704,117
121364702822400,-118
114853683396608,-119
35615563317248,120
28555833096798208,-121
121380607623168,122
9122961508270080,-123
34177584510009344,-124
119165713121280,-125
126896452927488,126
315301822464,-127
109270175580160,128
22371028650950656,-129
1634956800,-130
23456345411813376,131
128020627062784,132
33325527422992384,-133
30527257445400576,-134
121364820262912,-135
28255666422415360,-136
31084795740028928,137
115918499741696,138
18974736016998400,139
9117463950131200,-140
127978818240512,-141
29101190864175104,-142
1667327744,-143
32758063458942976,-144
125685322481664,-145
35615831752704,146
31362899167412224,-147
34185332631011328,148
31373881398788096,-149
35611486453760,150
18894458783268864,151
35637038153728,-152
29590550847946752,153
31365102485635072,-154
30243600625303552,-155
133459431391232,-156
18965944218943488,157
108093253877760,-158
27691629842268160,-159
28829611492114432,-160
30528404201668608,161
32495383259119616,-162
127961772589056,-163
119182859436032,-164
120324045668352,165
23443151272280064,166
1986076672,167
30515210062135296,168
130160611295232,-169
20655927950573568,-170
1851876096,-171
435639287808,-172
1634625024,-173
28537227298471936,-174
115927089676288,-175
31070502088867840,-176
9132857112920064,-177
29347498648666112,-178
134644607483904,-179
418379792384,-180
30243617805172736,-181
31356289212743680,-182
114827578048512,-183
1634627072,-184
418245902336,-185
1734701824,-186
27710394554384384,-187
1818323200,-188
33332145967595520,-189
33066115693281280,-190
108204805586944,-191
1852400896,-192
33060429156581376,-193
110455301341184,-194
32481106787827712,-195
27422253788430336,-196
30506401084211200,197
1818323456,-198
1735358976,199
127961923584000,-200
35499532091392,-201
30799953508958208,202
30507466236100608,203
461325205504,204
118100477345792,205
27710308655038464,-206
504481120256,-207
9132994551873536,-208
125844504707072,209
35688510652416,-210
32207328392511488,211
465674764288,212
110455435558912,213
1634561792,-214
34447050758160384,215
1818321664,216
1633971968,-217
27426694784614400,218
34449215421677568,219
32207397111988224,220
28562490296107008,221
108170663952384,222
1701584896,-223
32488820549091328,224
34459145386065920,225
1634559232,-226
29664140817596416,-227
31081445665538048,228
9137375418515456,-229
418308423680,-230
30799970688827392,231
1701996032,-232
27422133529346048,233
110429867081728,234
127858643042304,235
478452645888,-236
112515258253312,-237
131155416317952,-238
118111600640000,239
112489488449536,-240
504557993984,-241
125773822296064,242
495733178368,243
1685651456,-244
78370268250112,245
122470992445440,246
134604275056640,247
128956393062400,-248
1919614976,249
1718550528,-250
108065672134656,-251
1667563520,252
115753663594496,253
80715320393728,254
123634928582656,255
504541216768,-256
35609573851136,-257
129068062212096,258
1700855808,-259
1881145344,-260
1986330624,261
106957570572288,-262
1634402304,-263
1701380096,-264
131275675402240,-265
366833827840,-266
470181478400,267
1835794432,-268
125786707197952,269
122475287412736,-270
1937309696,-271
1735983104,-272
134574210285568,-273
114783000985600,-274
1650524160,275
366699610112,-276
133354439573504,277
1718353920,-278
1634729984,-279
113589000077312,280
113666309488640,-281
35682588295168,-282
1948254208,-283
80741090197504,284
1635123200,-285
111553185579008,-286
126920578564096,287
341215019008,288
206158430208,289
511101108224,-290
1895825408,-291
493921239040,-292
472446402560,-293
489626271744,-294
7719288961309239584,302
8223681176194252800,308
7214874773567963136,-310
2334391164605562880,313
7813499481122406400,-317
27338598117474304,-320
9140658542215168,-322
32123672721096704,-324
315167498617,-327
9115455870468096,-328
7090164881621516288,-329
8099280229639389184,-330
1684368481,-331
418247221248,-332
7161128444409937920,-333
121364525481984,-334
1970173299,335
9128564058226688,336
452890796032,337
139207796992,338
4836957396699971584,339
2333546755158704128,-340
110266329989120,-341
32686622667440128,-342
119251737444352,-343
7310587258996785152,-344
118066125078528,-345
5723622561388953600,-346
8314036789236989952,-347
7021239813390991360,-348
119165636313088,-349
1634953583,-350
120282328072192,-351
3828178881492287488,352
452790414080,353
8317986200644222976,-354
35602752602112,355
32686760039284736,356
7960710892314689536,-357
478559695616,-358
9126382063845376,-359
5292328113097670656,360
7021793967251390464,-361
31650958865858560,-362
126862083883008,-363
29676237072891904,-364
3972294069568143360,365
8313961988086562816,366
7308814768943398912,367
5724759456412073984,368
6998704188708356096,369
31370617223643136,-370
30245782468689920,-371
1852401408,372
29117683538591744,-373
121398894788608,374
27696015003877376,-375
121377738719232,376
129074320113664,377
32489920060719104,-378
34169986712862720,379
125822694326272,-380
120265207971840,-381
110429749641216,382
27981935271739392,383
27985186561982464,-384
9119766052601856,-385
121364803485696,-386
1936007168,387
35688695201792,-388
1633904640,-389
32478907764572160,-390
121424647815168,-391
1970563328,-392
418347548672,393
107105293959168,-394
435609993216,-395
2053205504,-396
478425448448,-397
126862260961280,398
1818848768,-399
115927374888960,-400
125762900328448,-401
28548222414749696,-402
435710656512,-403
9135219344932864,-404
30509699619094528,405
108170512957440,406
32779091618824192,407
1701604608,-408
1634956288,-409
80682722263040,-410
30509751158702080,411
113563230273536,-412
122350733361152,413
478385537024,-414
35626753720320,415
120271969189888,-416
117050743717888,-417
1769340928,-418
1734410240,-419
121311351275520,-420
435519750144,-421
1852768256,-422
126757369806848,423
452598956032,-424
478771412992,-425
74144020430848,426
1953431552,-427
481036337152,-428
7811810554027376640,-430
9126382003972352,431
29674072551129088,-432
9127464268922880,-433
35688853299456,-434
119182749232128,438
8747433453982580736,439
1918985835,-440
1835104624,-441
8319400172597542912,-442
9126364749758464,-443
120265013198848,-444
7881699986742706176,-445
1818850149,-446
7089066486685237248,447
435559883008,-448
108170386735104,449
7021231017297969152,-450
120325143265280,451
8386109742077968384,452
7286952157046112256,-453
35662748057600,-454
7811903048741027840,-455
7094612388976001024,456
478576471552,-457
27711408166666240,-458
9130683859468288,-459
108093136437248,-460
9120899923968000,-461
35498441572352,-462
119200056082432,463
9127359554781184,-464
31371682375532544,465
30233735085424640,466
133475235528704,467
32204059922399232,468
1768843008,-469
30243669344780288,-470
28273344507805696,-471
9141816414699520,-472
22345808602988544,473
127961722257408,474
1634628864,475
28273292968198144,-476
125822979538944,-477
119086558216192,-478
1635188736,-479
315227111424,-480
1713373184,-481
452632510464,482
107150844100608,-483
1679818752,-484
131292855271424,-485
112583977730048,486
114800180854784,-487
435419086848,-488
420906795008,-489
459561500672,-490
137438953472,-491
29674055298711552,493
108170385956864,494
33053936793419776,-495
35602752536576,-496
108187632795648,-497
9132961819525120,-498
2337212526925709312,-499
418531734528,500
28539375318990848,501
9117601925955584,502
120265063333888,-503
7743220981170176000,-504
7309179944242774016,-505
8317986286543568896,506
7598171122311364608,507
1634888809,-508
27424521531162624,-509
110386917408768,-510
478559928320,-511
435622510592,-512
32776944135176192,-513
108118906241024,-514
31078112770916352,-515
452673601536,-516
9137358238646272,-517
32450350527021056,518
9141790644895744,-519
30245816828428288,520
28836208561881088,-521
125808182034432,522
121444495261696,-523
1835597824,524
435653967872,-525
2032140288,-526
123623962666601,-528
7882828102852673536,-530
9135195269627904,-531
35637027995648,532
7883958400806027264,533
452739752192,-534
7881708842965270528,-535
108170380836864,536
2333181682938544128,537
478560190464,-538
452739596288,-539
130193880514560,540
127961806143488,-541
1684365824,-542
9122025205399552,-543
126896654254080,-544
9133046091481088,-545
32182069689843712,546
28548136515403776,-547
31651018458529792,-548
1819213824,-549
7309940670544740352,-550
108230851371008,-551
32198550016229376,552
119182749466624,-553
478375997184,554
9127550160732160,-555
119200072859648,556
35618700656640,557
133519275720704,-558
1918988288,-559
9081283145629696,560
131258495533056,-561
8319664141287555072,-563
9127464395603968,-564
27946752661258240,565
121381772722176,-566
91694953398272,567
9115386947567616,-568
35662791180288,-569
35637105262592,-570
504329732096,-571
1767990272,-572
31367284329021440,-573
1646264320,-574
111501645971456,-575
9127464263483392,-576
1768841588,-577
478559694336,578
35620109942784,579
1634953984,-580
119251495026688,-581
123563877072896,-582
27988519456604160,-583
504146034688,-584
107090714558464,-585
7598243690078797824,-586
478376260608,-587
120325136187392,-588
125848564793344,-589
121410135523328,590
1735589888,-591
418246781216,592
1835363956,-593
9115455834816512,-594
108119174676480,-595
9130761168879616,-596
32758200897896448,-597
29126479631613952,-598
28273258608459776,-599
468151435264,-600
119062557097984,-601
35499716640768,-602
315167997952,-603
9115402365829120,-604
1919877120,-605
418581970944,-607
418581250048,-608
418430386176,-609
113752208834560,-610
1634271232,-611
1969815552,-612
119182749212672,613
9128563773014016,-614
27703747622731776,615
1835103337,-616
35499750195200,-617
120263916126208,-618
478502977536,-619
2333553352228470784,-620
1818845440,-621
341004517376,-622
30528391316766720,-623
28541573805375488,624
22360102254149632,625
9140691133267968,626
1835991040,-627
35525376483328,-628
478576471137,-629
7454983922049351680,-630
118126398144512,-631
1634956032,-632
1634934784,-633
120211839647744,-634
115882512613376,-635
478586863616,-636
9128563907231744,-637
9132977372004352,-638
9141756285157376,-639
1969553408,-640
504272781312,-641
30716373982248960,-642
1634625907,-643
120265224749056,-644
1684602880,645
126879323389952,646
504145772544,-647
9134061338370048,-648
418380521472,-649
9117603150692352,-650
1734934528,-651
127960497520640,-652
113726439030784,-653
287762808832,-654
1768235008,-655
1931476992,-656
1634205696,-657
356482285568,-658
27703747756949504,659
9081284773019648,660
418245705728,661
452682842112,662
120325421400064,-663
130219113447424,-664
478660591616,-665
128021717581824,-666
1634992128,-668
110429816750080,669
452673142784,-670
9127524625809408,671
452740259840,-672
418380783616,-673
1969291264,-674
452673208320,-675
1635328000,-676
125779813859328,677
477278240768,-678
1768187136,-679
35602753134592,-681
418463940608,-683
107155139067904,-684
478370856960,685
418339880960,-686
32206228880883712,687
9135107675783168,-688
121424933027840,-689
35637256257536,690
9134061566033920,691
29688390202949632,-692
442381631488,-693
111468913623040,-694
122548301856768,-695
111529328377856,-696
418581839872,-697
35620076388352,698
1768095744,-699
121381767348224,700
452673273856,-701
74102765256704,702
110384954474496,703
418531049472,-704
504205672448,-705
32488803369222144,706
418530787328,-707
1634627328,-708
478435868672,-709
27703746481881088,710
9115369633480704,-711
74118250627072,712
418247239936,-713
315495546880,-714
127978835017728,715
133476393156608,716
9137444137992192,-717
120282255720448,718
121398928343040,719
435620413440,720
35663083601920,-721
2337493967542681600,-722
1768882176,-723
28538258090622976,724
478704304128,725
418306326528,-726
478560976896,727
1634624609,-728
27428833678327808,-729
504146493440,-730
1852112896,731
1744830464,-732
114765821116416,-733
108187625717760,734
435603636224,735
1862270976,-736
119223997169664,-737
9126397482106880,-738
523986010112,-739
506806140928,-740
313532612608,741
519691042816,-742
478660357376,-743
452666064896,744
435493666816,745
9115455875579904,-746
365072220160,747
339302416384,750
463856467968,-751
476741369856,752
502511173632,753
416611827712,754
1761607680,756
0,-757
