30997893307526656,-1
27421220436274432,6
7305798608621207552,7
7310016335225356288,9
8307206667869618176,-14
7092154701851918336,20
9042853630246912,29
7810684804604624896,30
8461810840322965504,31
5294579966481006592,40
7452438627692314624,-48
7022063327853412352,-50
7719276841072066560,-51
7791334434975776768,-52
7022063365316935680,-55
7022063366709444608,-56
8319381585807802368,-57
495773118061,58
32123758770978816,59
2334660599629217792,63
27437352450981888,64
9114210401320960,-65
7719296705211924480,66
8243030307377250304,67
9114343440384000,-69
32123801788022784,70
35680145734144,-76
499884063076,-77
5290920753011621888,78
31362608957227008,80
8247533898414686208,81
27421959288061952,82
27664951358521344,-83
5291240418770419712,87
8235149069333299200,89
5291765215220727808,90
495974968931,91
440039730276,93
7018895672317313024,95
30997880401559552,-96
9042845040574464,98
32686751758942208,100
30809554613960704,101
2336912403737870336,-103
7020584479227904000,108
27436605126541312,110
35323663249152,111
27994804807794688,112
9114317574373376,-113
30153489735286784,116
6998700969110274048,121
7586143287371628544,122
107118319985664,-125
491445120544,-127
7946918672042295296,132
24043160056627200,138
8241904417452851200,139
31371405138919424,141
139375242851,142
27424158294540288,143
8821519367968653312,145
7575161687070736384,-147
32123797376335872,153
8319310121863741440,154
107122716246016,155
8317129734555172864,-156
33329987413082112,157
7021710383429713920,158
8316213862625968128,-159
8244794731482054656,160
495975164281,161
2333816209058824192,162
8314052170051747840,165
7021792554744020992,166
9042815060148224,169
29675958209282048,172
106791734419456,175
30787916752551936,-177
8531260693293301760,-178
2335223559464419328,-181
495773118049,182
7451333264809132032,183
7020584480670744576,-186
31073437387128832,187
7451522738801344512,197
30997914766934016,203
32758245883969536,-204
7671164484194402304,209
7023680748414566400,212
5292328196581097472,215
2334660633988956160,-220
7526748021292269568,-222
29309047491067904,227
27338778634878976,229
6010370823548829696,-230
495740283243,-231
7008481098179018752,236
118143702757888,237
28464584073740288,238
2336630954530963456,-239
121085570541824,242
31369206031908864,243
8386098820513005568,244
7594020522287955968,-246
7020021577827745792,250
8031713777374199808,253
8605851552357285888,254
29380189463576576,256
8819003685280415744,261
7881706628590862336,-268
27338684166897664,269
7309377879723212800,-270
7954589632446857216,275
7307970294201712640,-276
7307197548098224128,-278
7022273403444789248,280
28464446601494528,283
8461807892666777600,-285
8235149078091005952,287
5290357841830346752,288
2338601190448693248,-291
8386102128929669120,299
20065127071088640,-300
8386109464666701824,-302
32758211419308032,-303
7598805615464415232,-305
121085704105472,306
32206291059343360,307
7238727656206761984,-308
7307491856437215232,309
7021147499410751488,310
29099066702954496,311
29380550269599744,-314
7953763900523020288,318
461480487968,320
127833047922944,-324
9114317775503360,-328
8242820009907191808,-330
7812373624584667136,-331
29309077920153600,333
7739753114818838528,340
107092566941696,342
5143517733043830784,349
30997863243448320,354
8824080130549743616,356
7596553754128678912,-357
34455535254831104,359
7883953708252266496,-360
32476736363692032,-364
7740669007887335424,-366
7311142233195937792,-368
33325237212807168,369
7449362941280780288,371
8244156277345746944,372
32758215617871872,-376
7597045237202026496,-378
7377296907833442304,379
20670957888733184,384
7023962214583238656,388
7445978644490485760,-391
107118336434432,392
2334097632495927296,-393
30506441590767616,396
30434981954191360,399
2333271857622417408,400
7810774612354007040,-403
139291027826,-404
7953765350376472576,-405
30506411586748416,406
1802201453,-407
7163082340997005312,-408
2326502970138558464,409
7596854727720042496,-410
1919643745,-411
28554456140349440,412
7234014000768352256,413
115588096524288,414
8314053324861079552,415
33058416494641152,416
465692095232,417
7017567131021606912,418
139291485440,419
27338545412702208,420
7089059576082857984,421
7307485257521954816,422
9114347481595904,-423
35624373452800,424
7874952004710170624,425
30515267708649472,426
8318818578191089664,-427
8317129762690564096,-428
30506445946486784,-429
8027491977295560704,-430
7596835224273551360,-431
8097887135522095104,432
7020387378346852352,433
9042878084939776,434
1936875877,435
7740669036156944384,-436
7022350006602432512,437
139375964672,438
8241989107983581184,-439
139375963904,440
495907335680,441
29099096832737280,-442
8604162744909824000,443
7524143306515677184,-444
8314053290501341184,-445
7310785226924359680,-446
31069400010326016,-447
8583973460860993536,-448
1835101807,449
289715352320,450
35658649305088,451
7017579225649512448,452
7595356428378832896,453
7811037750269837312,-454
30517083204747264,455
495974970112,456
139391496704,457
8243919871876792320,-458
32731835888828416,-459
20583357733666816,-460
7955715884004147200,-461
1835626105,-462
7236475824482811904,463
34185053995008000,464
7959119619816423424,465
7019177176821923840,466
8238035225515393024,-467
431231951104,-468
8247349995968135168,469
27973149647699968,-470
127682707652608,471
8532176614832734208,472
7594301988137861120,-473
20583297469906944,-474
431415716352,475
27977496221712384,476
31069348655267840,477
8459561237687042048,478
7082318470292963328,479
3760541345672855552,480
7233154165495562240,481
7233182817222393856,482
139358462464,483
7954610522630914048,484
7596553830901219328,485
7305790137009438720,-486
139257999104,487
20583366357155840,488
30434911890440192,489
1918989417,490
6998702810023854080,491
7503104151518183424,-492
7019831351880712192,493
91398734872576,494
32758241498759168,495
5280787716361945088,-496
7094141518826438656,497
8027492003065364480,498
7953757632320241664,-499
27901675754749952,500
461548101632,-501
28183178011213824,502
431332355328,503
9114343371177984,504
28254646032138240,-505
7886754471760363520,506
30997897696772096,507
6008203654153109504,508
2329312578829811712,-509
15235264523796480,510
8098915127354458112,511
35624412512256,512
106791801978880,513
2036429427,-514
8243383318792372224,-515
35654325764096,516
7598524147148259328,-517
7310293740931776512,-518
35658621321216,519
8818450934028828672,520
8461807896424873984,-521
27973149446373376,-522
29309052047589376,523
7526395054789754880,524
7024033719681810432,-525
474382694912,-526
2336912265762045952,-527
4855285508210688000,528
491461370880,529
7379255110225887232,530
35654191349760,531
6156527764150157312,532
7161674974703386624,533
117787018723328,-534
9118731502354432,535
3467905183478972416,536
7017570429556490240,537
7017574827603001344,538
7593667578518568960,539
1919515241,-540
8099857108171751424,541
7089065425828315136,542
7594512029218504704,543
23960997106548736,544
29663863305666560,545
9087955159220224,-546
29666062580580352,547
32765585607622656,548
35615531859968,549
91398756564992,550
5143518091975589888,551
8319028580617027584,552
289715350784,553
7575170464339722240,554
8463797655988862976,555
7594020547520888832,-556
7020676700228812800,557
7598452678892453888,-558
35624260272128,559
8461818535058866176,560
29384586228137984,561
139291031808,562
7233183865194414080,563
27691630379139072,-564
30716384082132992,565
8029488363994087424,566
139375878144,567
80403640156160,568
9042832048259072,569
8463188848669622272,-570
2338601253061263360,-572
27338782927749120,-573
29590496724647936,-574
9114360534269952,575
9114283006754816,576
1986097772,577
7598805553405493248,-578
7811600635798749184,-579
107143956135936,580
35650265743360,581
34165573315198976,582
2333259469091241984,583
448730587392,584
7809644647562608640,585
29380546006089728,-586
3900250747706540032,587
35693227147264,588
289716068608,589
5279098840731877376,590
32686803039289344,591
482855187200,592
8387989988565843968,-593
27410165284208640,594
7525622119590264832,-595
27973201153753088,596
465709263616,597
289715350272,598
5290429338120880128,599
1936288875,600
7089065430123282432,601
6153994540899368960,-602
9042892312018944,603
4855279877508562944,604
18894507873402880,605
107083943706624,606
29380515857432576,607
7307492954103349248,608
34094147891625984,-609
7449354469759778816,-610
7523580335087419392,611
8463143768692883456,-612
474382164480,613
32476715083104256,614
125844376846336,615
28817530285981696,-616
422708867584,-617
7593462734348353536,618
1852008815,-619
34093946263044096,620
8248731317580070912,-621
1919511663,-622
8464059640403984384,623
7358988916197687296,624
23480210095603712,625
20621479863386112,626
125814324592640,-627
8032487067210481664,628
125805818544128,-629
2336912381726162944,-630
8223680018883018752,631
2314970476142657536,632
29309102177910784,633
30787950904082432,-634
7154368689872044032,635
2335996505720094720,636
7595146438837796864,637
7311982590792040448,-638
8463496690450563072,639
1836082546,640
7454127458325889024,-641
7305239247324184576,-642
32686746063863808,643
500068088320,644
23469522908348416,645
3611994047700271104,-646
1818850921,647
30246931020120064,648
27338688438468608,649
27691726009270272,-650
32758176956809216,651
110090420748288,652
125775674867712,-653
7809643505101307904,654
7521412029437968384,-655
8461454897357783040,-656
7377847739637301248,-657
107075331948544,658
32222427048050688,659
111190166929408,660
125818825867264,-661
7017769767578632192,662
8462933761971978240,663
7526747955072598016,664
8388359063695523840,-665
7010255378696896512,-666
139257799680,667
8746393395825475584,668
110090453712896,669
8314059921930846208,670
7021147501658898432,671
30246603344314368,672
2329312522995236864,-673
4836973124870209536,674
8386091131984674816,-675
6008198190954708992,676
7738627157164818432,677
7021226305718845440,678
4050179083823218688,-679
7738064241571135488,680
289581135360,-681
129168761159680,682
1936286817,683
139375244032,684
500035052288,685
32968230939131904,686
7521427461255462912,687
32497453970227200,688
8534991356009906176,689
31053644879101952,690
8319355135570477056,-691
8026366081683685376,692
27429986575056896,-693
8458174753524416512,-694
139375239936,695
4121955172819664896,696
1986098028,697
1918986089,698
7233181717710766080,699
32476736323059712,-700
7953745593526910976,-701
8241975939613851648,-702
125483533008896,-703
31369205941010432,-704
7521419790443872256,705
20674256505405440,-706
9114278997000192,707
33249662966169600,708
32485210461306880,709
35542656614400,710
7308327483428831232,-711
7235912904594161664,712
7946918665700507648,-713
20583322065305600,714
7521418626507735040,-715
7305230159173386240,-716
1819044207,717
2338616646224052224,718
1918990624,-719
465708349696,-720
5269318663327973376,721
115871441747968,722
7431053871809560576,723
4860617010029002752,-724
422859338496,725
2321078306184626176,726
32767007392792576,727
32481134403125248,728
139106284032,729
8391649163263082496,730
111190061613056,731
5290357861275140096,-732
32405306789068800,733
8463225909942419456,734
7214873749596667904,-735
8315178052241850368,736
30997888922288128,737
7881707756338544640,-738
27410156593610752,739
139292057600,740
1952543337,-741
7017533329628987392,-742
6155401963027562496,-743
32215089935286272,744
32123857682825216,745
2336912347366424576,-746
7018404185787858944,747
7881715431445102592,748
27428882600689664,749
35645870047232,750
461514042880,751
1953325344,752
27422285799358464,-753
1936748398,-754
8389115884177719296,755
8030025277855760384,756
461481732352,757
8386661739864784896,758
444418583808,-759
7885642556267036672,760
8079564856576966656,761
30506445879377920,762
8386109754962870272,763
107114238312448,764
2334961513091039232,765
1651271026,-766
7449360959455363072,-767
8241989069328875520,768
8530224650980950016,-769
32123780423745536,-770
7310575215908487168,-771
20666558531502080,772
31069365717696512,773
1852403301,-774
31075636520943616,775
8030614263900930048,776
106792002584576,-777
7958812108747964416,-778
5989894655246860288,779
32222425739427840,780
7958530603706482688,-781
1953325427,782
27422281487613952,783
34138875815264256,-784
7091319072477937664,-785
1919705376,786
461413573888,-787
8530218380328697856,788
491562560256,789
118147778674688,790
9114359225647104,791
461597928704,792
30787564373803008,-793
7956841431723671552,-794
32405302426992640,-795
32476744929771520,-796
30522582071508992,797
8391439117887471616,-798
31069425864015872,-799
35473986748416,800
107079682031616,801
33053657838649344,-802
8243121562010517504,803
7809638076262645760,-804
119208669544448,-805
8749215481396723712,806
8459294056361492480,807
2338038303107842048,-808
1802264864,809
495773837568,-810
1835101292,-811
1920229739,-812
8241996834629746688,813
8314053329156046848,814
8389187348138557440,815
8319381523849543680,-816
107144084979712,817
7809651270402179072,818
8379354355521814528,819
2334660607682281472,-820
27422251288625152,821
8244790689380958208,822
133532368830464,823
115588012900352,-824
1952543348,825
1802789230,826
521510150400,827
30520381202759680,828
118109167943680,829
461498351616,830
130979859529728,831
31042971348500480,-832
9115445315502080,833
20681212423045120,834
1684480000,835
427021238272,-836
139292180480,837
439821795328,838
33321155146285056,-839
20670187241996288,840
33067232384778240,-841
1667589632,842
1869505280,843
31350795949572096,844
1852274176,845
29665287573864448,-846
139308302336,847
9098978410889216,-848
31087729202692096,849
30528412791603200,850
469881585664,851
115755425202176,852
139358765056,-853
427138678784,854
20658041074483200,855
9128626570133504,856
29115205342461952,857
32222717260333056,858
448729972736,859
125839958081536,860
34171086224490496,861
121390606843904,862
139359092736,-863
439754424320,-864
32213981296852992,865
34165631616024576,866
125865845325824,867
139274158080,868
107083785568256,-869
461380452352,870
521643556864,-871
469903147008,872
444033400832,873
1936749824,-874
139475550208,875
33024329956458496,876
2036950784,877
30236707202793472,878
461446905856,879
500068909056,880
28552586101522432,-881
29678486008365056,-882
1685024512,-883
1734438144,884
27433283264446464,885
461381042176,886
1835889920,887
1835622656,888
32179874961555456,889
1734435328,890
521426632704,891
9126414661976064,892
9141807824764928,893
9135210754998272,894
121235853803520,-895
20675650440396800,896
32215024973905920,897
31378326689939456,898
34185405645455360,899
23480569027362816,900
29399978854055936,901
29663041305968640,902
20674606763343872,903
119213075202048,904
29943464015691776,-905
133540951883776,906
470205726720,907
20657761901608960,908
20674533748899840,909
32179870666588160,910
1802859520,-911
30519432014987264,912
34150221273366528,913
133540918329344,914
29401434847969280,915
20668907341742080,916
426835902464,917
35708894969856,918
133480704901120,919
139173363712,920
1818558464,-921
33616605946576896,922
427020451840,923
500248346624,-924
32209536005701632,925
27983958201335808,926
20626211071852544,927
440040292352,928
418530918400,929
139157372928,930
27417838562050048,931
1667394816,932
1987013120,-933
107126785572864,-934
448731152384,935
32202913166131200,936
27436470130180096,937
427256578048,938
20626206776885248,939
2036430336,-940
474299826176,-941
107148528844800,-942
139073028096,943
20673524431585280,944
139359289344,945
9122020910432256,946
495858548736,947
32495104086245376,948
34139183207415808,-949
126935275405312,-950
35645728751616,951
20113838653308928,952
427020713984,953
33602673072668672,-954
422569836544,-955
465843060736,-956
33884139459444736,-957
20110205110976512,958
482989965312,959
31072675342319616,960
109351779958784,961
1852008448,-962
27424306782797824,963
23483798842769408,964
30814290109792256,965
32222575526412288,966
29635441846124544,-967
27377165221756928,968
20091822650949632,969
27394821832310784,970
34447037873258496,-971
28282054701481984,972
29943459720724480,-973
525804699648,974
35650107604992,-975
35692939837440,976
30245829713330176,977
32497595167277056,-978
121304673943552,-979
121437717266432,980
120316848242688,981
358368870400,-982
1684631296,-983
20682273279967232,984
491680104448,985
133515148525568,-986
126882460729344,987
133329206640640,988
119212940984320,-989
27377027782803456,990
2037346304,-991
28228221581393920,-992
29681604154621952,-993
495724068864,-994
20662486365634560,995
1886416640,-996
461548486656,-997
439737188352,998
427020976128,-999
34169810619203584,1000
28536123491876864,-1001
1734615040,1002
1650551808,-1003
521426239488,1004
32168935679852544,-1005
1885436416,-1006
9140656773529600,1007
20669096320303104,1008
32770312705671168,1009
31362929232183296,1010
74137275990016,-1011
35602862964736,1012
461228802048,1013
128009050783744,-1014
28509541939281920,-1015
474081263616,1016
28802123701420032,1017
31071562945789952,1018
426936172544,1019
1919511040,-1020
28183107244916736,1021
1920168960,-1022
139185881088,1023
139376001024,1024
426852810752,1025
1919906560,-1026
126583020978176,1027
525821935616,1028
139425546240,1029
118113295138816,1030
20020195481354240,-1031
33606710341926912,1032
112650130292736,-1033
444200321024,1034
27381606217940992,1035
427133239296,-1036
1801809152,-1037
474131398656,1038
1885696512,-1039
119208461467648,-1040
126892241846272,1041
358401638400,1042
35658496212992,-1043
1633951744,-1044
1885956864,-1045
457303195648,-1046
121373141762048,-1047
469953806336,1048
9114272789430272,-1049
491289313280,-1050
470003941376,-1051
495773483008,-1052
32777678574583808,-1053
1885694720,-1054
465675485184,-1055
139257380864,-1056
525821345792,-1057
444050178048,1058
427020255232,-1059
474247921664,-1060
1667768320,-1061
111477537112064,1062
35654352240640,-1063
422859833344,-1064
474248839168,-1065
1937009664,-1066
34473451922128896,1067
1936028672,-1068
125483626790912,1069
439738302464,1070
9134141308141568,-1071
128043494408192,-1072
465491066880,-1073
2036431360,-1074
30480029985013760,1075
1936990208,-1076
139492851712,-1077
2053399808,-1078
1802073088,-1079
1801808896,-1080
119178799349760,1081
499883507712,-1082
29676317049880576,-1083
28550361308463104,-1084
80790146777088,1085
28555876046471168,-1086
18965974283714560,1087
31279331988733952,-1088
32498754808446976,-1089
27436586094297088,1090
1684301056,-1091
521510060032,1092
35650141159424,-1093
139090591744,-1094
1634167040,1095
121412064903168,1096
1717660416,-1097
30224762898743296,1098
34165614436155392,1099
495584280576,-1100
1802660096,-1101
109294032781312,1102
35686883262464,1103
78378858184704,-1104
74096775790592,1105
123617748713472,1106
1936064512,-1107
1768423424,-1108
112618337468416,1109
1819934720,-1110
1634009088,1111
117003499077632,1112
1869414400,1113
457246244864,-1114
117952686850048,1115
426913038336,-1116
123570504073216,1117
1752104960,-1118
112575387795456,1119
110307645063168,1120
91779156148224,1121
128947803127808,1122
1650655232,1123
117016383979520,1124
1684209664,1125
123583388975104,1126
2054094848,-1127
427198251008,1128
461323108352,-1129
111493056036864,-1130
109358457290752,1131
1836384256,-1132
1685192704,-1133
427080810496,-1134
2054029312,-1135
2037972992,-1136
358193561600,-1137
525630177280,-1138
113752208834560,-1139
452783505408,-1140
115878217646080,-1141
2053439488,-1142
80723910328320,1143
111480171134976,-1144
111510235906048,-1145
115805203202048,-1146
139099897856,-1147
214748364800,1148
7955925896872423968,-1173
8244156273024135712,-1174
7598528186353806848,1184
7596562259563343360,1187
9114317574729248,-1193
7020303009923989504,1211
8243115778542665728,1212
7021792556054740992,1213
27421220620495104,1214
2333271926343991296,-1226
8316213832798175232,1232
32762287264916736,1233
35645752633632,1237
27338688546236672,-1241
32123763150317824,-1242
9042815059828736,-1243
27421216258750976,1244
8314047799184326656,-1248
7161125194914856960,-1250
8245072143419703296,-1255
7596272279151968256,-1257
32199337311469568,1261
7089066465747271680,-1262
32123771735244800,1263
7022273373430349824,1264
27338722766749696,1267
27973106637996032,-1270
31369206026993664,1271
9114343461945344,1273
30224923727233024,1275
107152662946816,-1279
7019740127312216064,1281
8235148867486613504,-1287
7881706665953722368,1288
8316213819642740736,1290
7021991892766162944,1291
7811319204308582400,-1292
8386102128946446336,1294
7023680708266688512,1295
4855197553420926976,-1296
7020093041989910528,-1298
8749475301685198848,-1299
2338319705606979584,-1301
32476766423482368,-1303
2329312575071715328,-1304
30997901998292992,1305
7881969423462957056,-1306
2334097625046843392,-1307
8462933775393751040,-1308
2340290107753365504,-1309
27338727318159360,1310
27420859777155072,-1311
2336912370770640896,1313
80403640902912,1316
32686781801431040,-1317
31356011976327168,1320
500035055136,-1321
2339164199256588288,-1322
27973145325535232,1323
7021710417789452288,1325
7021710423225270272,1327
2336067953037934592,-1328
107118520770560,1329
2334942074605928448,1332
139291486574,1333
7021781843095584768,-1334
2338038269284974592,1335
9042815060017152,-1336
422574778734,1337
107178466287616,1339
125483616903168,1340
5291202292312178688,-1341
20681953005010944,1344
28550058218881024,-1345
7021781844404207616,1346
7959656533678096384,-1348
32758198414868480,1349
8818448717825703936,1350
32195265691648000,1351
2338319778084552704,-1352
6155964831376605184,1353
113388989710336,1354
31279381078867968,1355
7882828128622477312,1356
3904656533748711424,1357
1986620513,1358
1751933293,1359
7742357886017208320,-1360
139290830336,1361
7809649032724217856,-1362
20675676747071488,1363
119986143297536,1364
1835625504,1365
7306071667820724224,-1366
32196037460361216,1367
440039728896,1368
7012984727334289408,1369
8314045559560208384,1370
427020086272,-1371
30479701000585216,1372
7594020513161150464,-1373
1718315296,1374
110442418536448,1375
8818436335434989568,1376
461480485888,-1377
31072336576774144,1378
7589516939303583744,-1379
2053729908,1380
20681951694290944,1381
8027983467583111168,1382
8032840057687638016,-1383
117787119779840,1384
7310028788694253568,-1385
7163855104397803520,1386
8752290042325499904,1387
427036928256,1388
28817596119777280,-1389
7523370328366514176,-1390
8811692253232758784,-1391
27691666114609152,-1392
525804986624,1393
1852404581,-1394
29309043323437056,1395
27338682851655680,1396
8319663003121221632,-1397
23478367621742592,1398
27691721965961216,-1399
427020066816,-1400
8314059926225813504,1401
27429939229753344,1402
27412062367907840,1403
35710277582848,1404
107083859034112,-1405
1936482678,-1406
2334915660020187136,-1407
35628572540928,1408
7380099565220790272,-1409
30153472766640128,1410
431433148672,1411
27338731606245376,1412
29085855465340928,1413
80403623116800,1414
431433020416,-1415
5292609635319021568,1416
8388061426756878336,1417
35611426095104,1418
7449354435400040448,-1419
8316003785474310144,1420
139290812416,1421
7093813121332019200,-1422
7737572785643323392,-1423
108174898692096,1424
1852074337,1425
7738710780178071552,1426
7161111998980161536,-1427
7737580473634783232,1428
495907862784,1429
7377296837067145216,1430
20583349009514496,-1431
7161130656318095360,-1432
2338038277338038272,-1433
461598847744,-1434
7379507667187793920,-1435
30804057048219648,1436
1986096747,1437
444066262272,1438
1919115628,1439
107152663576576,1440
139123978752,1441
8530217280817070080,1442
289615077632,1443
4855279946228039680,1444
29309077716729856,1445
27376877995819008,1446
35658871668736,-1447
461497790464,1448
2333264966649380864,-1449
1650816108,-1450
1853058926,-1451
2336349247089147904,-1452
440022954496,1453
107178465951744,1454
8314044528768057344,1455
7737580447864979456,1456
127682623373312,1457
8386661417742237696,1458
30224896579600384,1459
1667983648,-1460
121377707261952,-1461
7377292477675339776,1462
525972106752,1463
20621478554763264,1464
1886675232,1465
461497789184,1466
440039729920,1467
461481206016,1468
1919969643,-1469
20639070740807680,1470
7233190518098755584,1471
1936288865,1472
7809657811637370880,-1473
7737854226260295680,-1474
7740668976027402240,-1475
30506371556311040,1476
7597679722218127360,-1477
7598242667876581376,1478
7719276920747065344,1479
7019811569261346816,1480
1851879968,1481
5291273728691273728,1482
7226432850914967552,1483
27422285782581248,-1484
107148400984064,1485
7310012296019836928,-1486
7737591442981257216,1487
32206259482525696,1488
32215978456645632,1489
1935827712,1490
491356422144,-1491
27423336120188928,1492
118079170281472,1493
29673924753096704,-1494
35602812633088,1495
470088286208,1496
120342383165440,1497
1851877888,-1498
139152326656,1499
9060113251827712,1500
1937011712,-1501
32206293305393152,1502
35667153256448,1503
114844959244288,1504
495640117248,-1505
20669092025335808,1506
116686208368640,1507
30806254225981440,1508
35710035820544,1509
107113867116544,-1510
129881790742528,1511
525906214912,1512
474382794752,-1513
33884122279575552,-1514
27426574525530112,1515
127848828370944,1516
20621838795145216,1517
118886674464768,1518
33039654399770624,-1519
107079742259200,-1520
482956214272,-1521
495807758336,1522
431260434432,-1523
14953856353959936,-1524
110090531110912,-1525
125817308839936,1526
499946356736,1527
28254571205754880,1528
1935894528,-1529
52915926466560,-1530
32220226179301376,1531
474299105280,-1532
126925410402304,1533
465658511360,-1534
29678305619738624,-1535
52915809026048,-1536
500018380800,-1537
1835103232,-1538
491277320192,-1539
35710237147136,1540
108243560955904,-1541
1885432576,-1542
444199927808,1543
31632331055824896,-1544
20673515841650688,1545
123611004272640,-1546
29665253214126080,-1547
1853038592,-1548
1734964224,-1549
491255758848,-1550
1852007680,-1551
30506469803687936,1552
118079153504256,-1554
80760300109824,1555
27423409134632960,1556
107118212415488,1557
2037146880,-1558
491445288960,-1559
28817456734666752,-1560
2036691968,-1561
139275665408,-1562
1952543744,-1563
139240996864,-1564
1802790144,-1565
1650917376,1566
114774411051008,1567
139334778880,1568
130249178218496,1569
78563541778432,1570
452699619328,1571
499994591232,-1572
315193556992,-1573
1802895360,-1574
74156905332736,1575
457212690432,-1576
1869348864,-1577
1679818752,-1578
1685716992,-1579
111570365448192,-1580
106957570572288,1581
111548890611712,-1582
115938347188224,-1583
1996488704,-1584
8390876174081420800,-1602
27424158395231776,1604
32476736363503616,-1606
27338727200747008,1611
7023962184621228032,1614
6998700995105062912,-1615
2333534731102650368,-1616
30997901897985536,1618
7307970504841756672,-1619
33321191442292736,-1620
7021147472130998272,1624
9114377699459072,-1625
121085536854272,1626
27691700498726912,-1629
9114317406404608,-1632
8751727101498884096,-1633
35645752438784,1635
8386102127637823488,1638
7020676551750451200,1639
29590552762646528,-1644
7020666982512984064,1646
2333271784607973376,1649
2333274125365149696,1650
126943905473792,-1651
2338601220630904832,1652
139257801504,1656
2336912409291128832,1657
7597116739750461440,-1658
7018332722363891712,1659
34165590603333632,-1660
7233181688182865920,-1661
2335223585251000320,-1663
8241990181725405184,1664
35611236892672,1665
461514044160,1666
8390876155049148416,1667
35645752016896,1668
139291029248,1669
7022365399765221376,1670
289615079680,1671
8530218053911183360,-1672
7019458621733863424,1673
8602289941600272384,-1674
7020675811170582528,1675
1936482676,1676
1936290913,1677
32758211400433664,1678
31069368754372608,-1679
28274080792707072,1680
7020676876322471936,1681
495907861248,1682
8819281112552439808,-1683
5269345073081876480,1684
7809642405589680128,-1685
33050357995143168,1686
34165573331976192,1687
1801544480,-1688
35542656417792,1689
7595427845095030784,1690
20655848191688704,1691
121377589821440,-1692
139308459264,1693
118147879337984,1694
5290731703818518528,1695
444066261760,1696
80760206327808,1697
1851880224,-1698
27412063676530688,1699
7022082825276882944,1700
2336630932519256064,-1701
6011005209780682752,1702
16103586584854528,1703
8752027224686723072,1704
31369204716273664,1705
6009244891664613376,-1706
7593739038184439808,-1707
289715353856,1708
9114317601374208,-1709
35602915393536,1710
431348608000,-1711
7737584875976261632,1712
7959093592314609664,1713
27432954397458432,1714
495605869312,1715
7600212966943752192,-1716
7809630379681251328,-1717
5144343756488572928,-1718
27973144010555392,-1719
2338319790969454592,1720
29380408533581824,-1721
495655677440,1722
125814328852480,-1723
32195221416574976,1724
35542657138688,1725
8386105386981130240,1726
30153472582090752,1727
7953768623141552128,1728
1852404596,-1729
107178465755136,1730
20583352130076672,1731
107122833031168,1732
126944089800704,-1733
27691692018630656,-1734
35692862832640,1735
7089072920546246656,1736
495773116672,1737
1818851685,-1738
1936289381,-1739
3900238648783667200,1740
27428861293625344,1741
30506444570755072,1742
1818850155,-1743
139292008704,-1744
129134449655808,1745
20660283047411712,1746
133501005332480,-1747
31069187828875264,-1748
87387333984256,1749
27420046175240192,1750
9136336036429824,1751
27423207271170048,1752
20669061960564736,1753
107122440273920,-1754
20660317407150080,1755
20669143564943360,1756
20660321702117376,1757
120278193537024,1758
80403767492608,1759
32215059333644288,1760
27431041291517952,1761
20675504411508736,1762
29380505472335872,-1763
20674611058311168,1764
20671312523427840,1765
35542733422592,1766
499879247872,-1767
1835627520,-1768
32162278480543744,1769
465691803648,-1770
1801806592,-1771
1986097920,-1772
30224913222598656,-1773
27416786295062528,1774
1935761664,1775
32758037689139200,-1776
125810027528192,-1777
35650074050560,-1778
35654469681152,-1779
20665784900517888,1780
2036689920,-1781
440123326464,-1782
2036429824,-1783
1684107776,-1784
35615680757760,-1785
1852121088,-1786
109345572388864,1787
315461992448,-1788
80711025426432,1789
461423771648,-1790
422651625472,-1791
119052198477824,1792
139183783936,-1793
431442886656,-1794
80693845557248,1795
111540300677120,-1797
8531260749269004832,-1800
20583353445588992,1804
27338752886664704,1805
35684507284224,1807
461480488553,-1808
8316213811304464384,1809
7089068679031160832,1811
27691696080814080,-1812
7521420860427599872,-1814
7019740098388295680,1815
7021710453491367936,1816
7020584483522871296,1817
27973145321275392,1818
495757519225,-1819
5269318678142255104,-1820
35645752418304,1821
8026376747932975104,1823
7452442672041558016,1824
7022273402102611968,1825
8241983606130475008,1826
495756864512,-1827
495840224000,-1828
32198236483616768,1829
35542689447936,1830
20675355933147136,1831
28254641720393728,-1832
27428848492609536,-1833
2336630859504812032,-1834
7020623030317481984,1835
35684440145920,1836
7310575211613519872,-1837
9114377680584704,-1838
7020623034612449280,1839
6158216682729897984,-1840
7089074221921337344,-1841
35684390993920,-1842
8458168512936935424,1843
495907840000,1844
5291240743342440448,1845
7233182752797884416,1846
7310575168663846912,1847
7521427517090037760,1848
7953757628025274368,-1849
1667983730,1850
8530224973103497216,-1851
107084056100864,-1852
461480491264,-1853
9114346340745216,-1854
30787925033615360,-1855
133180198617088,1856
7595427892339671040,1857
1918990693,-1858
7521411737380192256,-1859
2053206905,-1860
35684440670208,1861
7020669952835190784,1862
31364806669762560,1863
7449354143342264320,-1864
1936290921,1865
35654459260928,-1866
7089335888508878848,-1867
7021801676717686784,1868
2333279552358318080,1869
1919248896,1870
1885561088,1871
139073880064,1872
27377233941233664,1873
139425939456,1874
20671282458656768,1875
78203301396480,1876
289498333184,1877
495605514240,1878
130981168152576,1879
289413332992,1880
29633401736658944,-1881
107113816784896,1882
30517439150161920,1883
495874408448,1884
139358699520,1885
107174063767552,1886
482956017664,1887
31378322394972160,1888
1935832320,-1889
27381610512908288,1890
35692990169088,-1891
24017092047011840,1892
500051542016,-1893
358283804672,-1894
27429976139628544,1895
116977729273856,1896
78559246811136,1897
474224787456,-1898
1718550528,-1899
1936195584,-1900
1734868992,-1901
495850618880,-1902
115946937122816,-1903
7020584523325308928,1907
7021710384807542784,1908
118886547875072,1911
20583327508004864,1912
2333280686766555136,-1913
20666559842222080,1915
2338319714196914176,-1919
5290639315313885184,1920
431433018985,-1921
7815541285472698368,-1922
30506445862600704,-1923
27973149563813888,-1924
7233188319075500032,1925
1919641964,-1926
461480489728,-1927
7094703369268232192,1928
29309046343335936,1929
30807355583102976,1930
27338721506361344,1931
35632984948736,1932
8818455327780372480,1933
27428872869904384,1934
35645584834560,1935
289615405312,1936
27426356019068928,1937
139292013568,1938
7310012321789640704,-1939
6998727291337441280,1940
8746398889088647168,1941
495907338496,1942
119178604511232,-1943
7957404673734868992,-1944
27428916943650816,1945
7598805592060198912,-1946
27411316335443968,1947
6008204848154017792,1948
2336067943911129088,1949
1936289396,1950
7953768653206323200,1951
1936482667,1952
34165586317541376,1953
27437683240337408,1954
525906370816,1955
1936419186,1956
8317129711150956544,1957
32758175664963584,1958
1919379826,1959
461380542720,1960
7019740101005541376,-1961
461514045696,1962
107114226712576,1963
7802841634114109440,1964
1735287040,1965
9127484108832768,1966
35624170029056,1967
29676106596483072,-1968
1885958912,1969
35624119697408,1970
126883769352192,1971
32195281009246208,-1972
1835627008,-1973
27413517824950272,1974
482956541952,1975
521354084352,-1976
500068450304,-1977
35710203592704,-1978
2053730816,1979
422838272000,-1980
1651664128,-1981
1918990848,-1982
1953260800,-1983
114849455538176,-1984
35542666313728,-1985
35658630430720,-1986
28554742175105024,-1987
1819279360,1989
431140896768,-1990
1801584640,-1991
1869807616,-1992
27338726949089792,1996
20583327759691264,1997
27338752886644736,1998
7019740098740617216,1999
9114210216771584,-2000
7021802450348670976,2004
32214730468753408,2006
35645853081600,-2007
5283602440896118784,2008
422708866560,-2011
139357921280,2012
427020614144,2013
7665528024967675904,-2014
7449361028174839808,-2015
35474054381568,2016
7089068732953133056,2017
30224906461380608,-2018
2334660581912477696,-2019
8458430166639575040,-2020
35680330252288,2021
2340290107216494592,2022
31069365851914240,-2023
7524777668890329088,-2024
1835625572,2025
7017017375207718912,-2026
6013538501750947840,2027
8389115854112948224,2028
7233180622494105600,-2029
15235298766094336,2030
422574122752,2031
7959093618084413440,-2032
34165594806812672,-2033
7308886361753255936,-2034
1936744814,-2035
35675743191040,2036
139073224704,2037
9118730965483520,-2038
440006279168,2039
20662520725372928,2040
107178358734848,2041
448530087936,2042
20677905298227200,2043
29943468310659072,-2044
32195087735717888,-2045
35667220365312,-2046
1852662016,2047
139375935488,-2048
35654335463424,-2049
117042153783296,2050
80680960655360,2051
358227116032,2052
525697286144,-2053
1835991040,-2054
115942642155520,-2055
111407156690944,-2056
433791696896,-2058
495655678496,2063
2329312514942173184,-2064
35654443035648,2065
7023680746921394176,2066
27338688524451840,2068
7021802451657293824,2069
27338757210374144,2070
30997931907612672,2071
461497789549,2073
7598242664118484992,-2074
30510487445700608,2075
35680129607936,2076
500035055209,-2079
7020584527781167104,2080
35645886111744,2081
107148401516544,2083
1852073336,2084
80403635372032,2085
139257799424,2086
27691666131386368,-2087
7589516896353910784,2088
525821831424,-2089
7600494420445626368,2090
35684473700352,2091
31069365868691456,-2092
289715876352,2093
31080033158168576,2094
35633085087744,2095
7596272278615097344,2096
133506611019776,-2097
107075386540032,2098
27338727294500864,2099
495841116160,-2100
1885872128,2101
20621804435406848,2102
112581612142592,2103
448613122048,2104
1937011200,-2105
31069381102403584,-2106
27410154865557504,-2107
500263026688,-2108
27415721143173120,2109
20682307639705600,2110
20621800140439552,2111
1852269824,-2112
444301836288,2113
9114320034070528,-2114
440005754880,2115
27436556029526016,2116
461598162944,-2117
1651179520,2118
2334942110276386816,2119
2319389458119524352,2120
139492354418,2122
461497789984,2125
9114351896100864,2127
7307481958987071488,2129
7377295806274994176,2130
5292420523614011392,2131
20673155601268736,2132
1936289389,2133
35611560443904,2134
461498441984,2135
27410962856280064,2136
31069361439506432,-2137
8818450989863403520,2138
7953764117720858624,-2139
27429654553952256,2140
2340290072856756224,-2141
1919967598,2142
20583327853445120,2143
482888217088,2144
107092550156288,2145
2053398816,2146
35684502994944,2147
7021781919868125184,2148
35628414664704,2149
121441911570432,-2150
20658053959385088,2151
107152488267776,-2152
31367365933400064,-2153
439771267072,2154
15235327035703296,2155
28556803759407104,-2156
27691698561744896,2157
126731600003072,2158
27691691901190144,2159
1936588800,-2160
2333534729787146240,-2162
5290920790290595840,2164
7021710423577591808,2165
7308041947208220672,-2168
139375501682,2169
28464657117216768,2171
33321191320059904,-2172
9114326164111360,-2173
1919512167,2174
7521416491908988928,-2175
8031714101946220544,2176
8028617877202403328,-2177
9114333455843328,-2178
7377284815453683712,-2179
5269345034427170816,2180
1852073328,2181
431348610560,-2182
34447021230260224,2183
107118152187904,2184
29661998165786624,-2185
32476713573154816,-2186
461597908992,2187
2338319782379520000,2188
125805799669760,2189
118079220613120,2190
121407753158656,2191
28817589878652928,-2192
1802070016,2193
20673541611454464,2194
431180808192,-2195
27394826127278080,2196
27437638361284608,2197
30517232991731712,2198
495651389440,2199
289681768448,2200
27691621252333568,2201
495874539520,2202
28507467470077952,-2203
1937010432,-2204
35658613653504,-2205
30198555008303104,2206
35658479435776,-2207
1802444800,-2208
1936007168,-2209
1919771904,-2210
7019740098646863360,2212
139375438187,2214
27410964167000064,2215
27376879306539008,2217
139375370604,2220
7020662256253796352,2221
7881699999627608064,-2222
7305508662032728064,-2223
35628383207424,2224
2333273024008028160,2225
27412349593845760,2226
27394757407801344,2227
27973156358586368,-2228
139242045440,2229
448595558400,-2230
20660287342379008,2231
427150016512,-2232
474109444096,-2233
465674764288,2234
29681814608019456,-2235
28254609860460544,-2236
2340008629792407552,-2238
7022273372037840896,2240
2338319775651856384,2241
7018967170637889536,-2242
3904656525695647744,2244
461514042368,2246
2336912398906032128,-2247
8464059726303330304,-2248
35474083151872,2249
461514762496,2250
107084161024000,2251
7022084251206025216,2252
7451312725738651648,-2253
7521412063797706752,-2254
8242820360249016320,-2255
29380477236281344,-2256
35473953390592,2257
2339164138590175232,-2258
27429984729563136,2259
35633028399104,2260
20654789784240128,-2261
35645594533888,2262
27426505806053376,2263
133532345171968,2264
80552111636480,2265
1819869184,-2266
7020584484900700160,2268
7020584517882609664,2271
20583353579274240,2274
20665459019874304,2276
7306634544759701504,2277
29099049470656512,-2278
9114324865908736,-2279
1936482670,2280
139375243776,2281
1936482664,2282
9042883722084352,2283
29380408516804608,-2284
121377436729344,-2285
20673477186945024,2286
20682281869901824,2287
139258167296,2288
20665780605550592,2289
500202799104,-2290
20673464302043136,2291
35658747871232,-2292
27430006204399616,2293
1818323200,-2294
28552616166293504,-2295
289541193728,2296
1719271424,2297
7020675452238823424,2301
7021710423476928512,2303
35645752441088,2304
32476736358711296,-2306
7740316033331757056,2307
20668757554757632,2308
440022952960,2309
4120829307272560640,2310
6155964839966539776,2311
7233188280420794368,-2312
107075387064320,2313
7809656763665350656,2314
1852596594,2315
1936289377,2316
107075581509632,2317
20675684800135168,2318
107144200323072,-2319
15235352805507072,2320
30224975170969600,-2321
7020658959564406784,2323
35680145711104,-2324
32198237792239616,2325
448730329088,-2326
2334942056889188352,-2327
31069425847238656,-2328
27691660443910144,-2329
7017559816692301824,-2330
35675715993600,2331
461497983232,2332
1818846720,2333
27424375502274560,2334
20669113500172288,2335
1986096896,2336
139073552384,2337
29646630235930624,-2338
427164696576,-2339
1651310592,2340
444260679680,2341
108276125532160,2342
495565406208,-2343
139375245665,2346
9114313392390144,-2348
7022907785952100352,2349
5290357840337174528,2350
35645752436480,2352
8314034630713933824,2353
495773117696,2354
1918985065,-2355
30224975231188992,-2356
7021801711077425152,2357
7021802776229314560,2358
8241994493872570368,-2359
107144068202496,2360
448528580608,2361
139359551488,2362
1868759040,2363
1864368128,-2364
474191233024,-2365
7020303047200866304,2366
7811319255311319040,2367
35624395735040,2368
7953745567757107200,-2369
8241994635606491136,2370
35645870571520,2371
27691666047500288,-2372
27430016706936832,2373
2338038165668888576,-2374
20673305388253184,2375
20660347471921152,2376
29672988450226176,-2377
121441995456512,-2378
1801744384,2379
122515854721024,2380
28536089132138496,-2381
495974416384,2382
448488538112,-2383
6008198222864973824,2386
27421216253935616,2388
32195269919506432,-2391
30153527108042752,2392
7308323386030030848,-2393
7737591451571191808,2394
14689612786040832,2395
495958753280,2396
15252562739462144,2397
1734633728,2398
27417920166428672,2399
35645980409856,2400
2336630899954679808,-2404
20667658043129856,2405
7089066460915433472,2406
35645747625984,2407
521426004992,2408
7598805587765231616,-2409
35542651633664,2410
2338601184341786624,-2411
7594864933796315136,2412
16096987669594112,2413
80685255622656,2414
2333534699722375168,-2415
5291202265267306496,2416
35680145731072,-2417
20639072051527680,2418
7598242642106777600,-2419
7524496193913618432,-2420
7594020470211477504,2421
461480468480,-2422
31069395866353664,-2423
6009879344233578496,-2424
35710304256000,2425
499866796032,2426
28254588385624064,-2427
34165644500926464,2428
112571092828160,2429
111338437214208,-2430
7021802806294085632,2432
7020113960728788992,2433
7020113930664017920,2434
107118147403776,-2435
8746393357170769920,2436
33047419700641792,2437
431432597504,-2438
289492959232,2439
2036951808,2440
521611247616,2441
28507501829816320,-2442
521452650496,-2443
27417917918281728,2445
27426679450238976,2446
1818714490,2447
27338751571132416,2448
35680347291648,2449
27437655541153792,2450
29380544127041536,2451
2336912433802641408,-2453
8820125537482571776,2455
27431086271234048,2456
20674615353278464,2457
495840854016,-2458
1735221504,2459
9114347750031360,-2462
1936744818,2463
2336912338776489984,-2464
9114313155411968,-2465
444418031616,2466
35680346728704,2467
20583289083396096,2468
5292419419807416320,2469
8746398893383614464,2470
7737592576852623360,2471
27423057484185600,2472
2336349418887839744,-2473
20666918771884032,2475
289497743360,2476
500034510848,-2478
9114351810117632,2479
35645617930240,2480
27436538849656832,2481
29401080211177472,2483
27417709713031168,2484
20682256100098048,2485
1802464256,-2486
1835820288,-2487
35645752437504,2488
35624310800384,2490
5292407325179510784,2491
2036670464,-2492
7881687973719179264,-2494
20681182358274048,2495
35607074045952,2496
1819043072,-2497
491488542720,-2498
9114343304069120,2499
8530217315176808448,-2500
27423415476420608,2501
35679960629248,2502
1751646208,2503
1734672384,-2504
2333271782762479616,-2505
7521426323089129472,-2506
30787916645007360,-2507
27436581799329792,2508
107118195638272,-2509
27429980434595840,2510
80771154968576,2511
35645785995520,2513
2336912334481522688,-2514
2336349457542545408,-2515
27423350917693440,2516
7020623000252710912,2517
7021802780524281856,2518
1935763456,-2519
20639426686222336,2520
20673460007075840,2521
431533129728,-2522
115968411959296,-2523
35705798094336,2524
27422315763466240,2527
2333258670227324928,2528
5292328164637278208,2529
20674580993540096,2530
27394619968847872,2531
78204610019328,2532
2053923072,2533
7020675776810844160,2535
5292420553678782464,2536
7017278268701147136,2537
8029180857220595712,-2538
1735158016,2539
7308886421882798080,-2540
125775669886976,-2541
7885910098369839104,-2542
461497790976,2543
7598524078428782592,-2544
20673442827206656,2545
29678516073136128,-2546
9114311444135936,2547
20673156911988736,2548
27417559926046720,2549
2340290029907083264,2550
27421957972557824,2551
20673507251716096,2552
2338319749848498176,-2554
35645752082432,2555
139375242240,2556
1919770987,2557
1819571456,-2558
1717895168,-2559
1684340736,-2560
422852952064,-2561
30224975166177280,-2562
35624378236928,2563
20091901621305344,-2564
27420084829945856,2565
35667327937536,2566
29380490339287040,2567
1852597504,-2568
1667563520,-2569
35645752438272,2570
2338319743724814336,2571
27422262378364928,2572
439938777088,-2573
27973199308259328,-2574
2037145856,2575
1802264946,2576
31089185196605440,2577
289581498368,2578
107091251429376,2579
139200561152,2580
5294579964987834368,2581
35633097605120,2582
525905428480,2583
20673498661781504,2584
495589654528,2585
427248582656,-2586
500162363392,-2587
27420858460930048,2588
31632345652002816,-2589
15235307406360576,2590
27415510689775616,2591
35615714312192,-2592
20639220527792128,2593
7023962221361233920,2594
418297085952,2595
27429655864672256,2596
7740387526820495360,-2597
2336630923929321472,-2598
461541212160,2599
20666845757440000,2601
289682751488,2602
20675710569938944,2603
20665460330594304,2604
27437351135346688,2605
1885958656,2606
20667949564035072,2607
20668758865477632,2608
107178660724736,-2609
30517443445129216,2610
7020584522177576960,2612
461480487936,-2613
80745385164800,2614
31364807980482560,2616
8314033537946746880,-2617
27422320058433536,2618
27426711964483584,2619
20665608806858752,2620
29380550301057024,-2622
27430754065580032,2623
440005653504,2624
27381563268268032,2626
7226441354950213632,2627
27436251623718912,2628
28548007666384896,-2629
29669719980113920,-2630
1869479936,-2631
35633102389248,2632
1919836416,2633
27424508646260736,2634
78589311582208,2635
1685454848,2636
7021147467836030976,2638
7089073130999644160,2639
32206082851995648,2640
1886150912,2641
29354153482387456,-2642
35645752672256,2643
2338601278831067136,-2644
29099021905690624,2645
27415716848205824,2646
2335223532402769920,-2647
30224906545266688,-2648
27437707080761344,2649
7740387458101018624,2650
422718734336,-2651
35645865066496,2652
7737599096612978688,2653
27428842268262400,2654
20666862937309184,2655
439898603520,-2656
2336630893864550400,-2659
35624378433536,2660
35611203338240,2661
27394470181863424,2662
427181473792,-2663
7597116742199934976,-2664
313532612608,2665
439889322240,2666
35645785440256,2667
27415686783434752,2668
28547088543383552,-2670
7021781945637928960,-2671
78494822301696,2672
1852768256,-2673
107092560052224,2675
461497789696,2676
35680028262400,2677
27377208171429888,2678
18965935629008896,2679
6008209220430725120,2680
20639392326483968,2681
35705942179840,2682
7019740097247444992,2683
2337475331679584256,-2684
9114278898434048,-2685
461380346624,2686
139257799936,2688
1852073216,-2689
27426357329788928,2691
27423387659796480,2692
20667659353849856,2693
2335223549045768192,-2694
1852252160,-2695
7305790171369177088,-2696
23469524300857344,2697
440006868992,2698
20669044780695552,2699
20675714864906240,2700
27422107759542272,2701
8746406559900237824,2702
35628437798912,2703
20665814965288960,2704
33321120786546688,2705
495958584832,-2706
139358568448,2707
491679449088,2708
27428555042324480,2709
27426681899712512,2710
107118531182592,-2712
20666914476916736,2713
27428941052510208,2714
461497791488,2715
139375240960,2716
2335223488916226048,-2717
30224958118428672,-2718
1835102720,-2719
32476764575891456,2721
8235239974899810304,2722
525904997888,-2723
29099099215101952,-2724
27691696212934656,-2726
461497892864,2727
20583377899880448,2729
470087725568,2730
469963374592,-2731
7737585962602987520,2732
9114283191304192,-2734
7596272295794966528,2735
27423058794905600,2736
500035223552,-2737
5291273771640946688,2738
431433121792,-2739
1886060544,2740
2336630898696388608,-2741
27413161342664704,2742
20671278163689472,2743
35680004603904,2744
470064037888,-2745
20675680505167872,2746
27431116153552896,-2747
29380518357237760,-2748
32195295722864640,-2749
7161123024161210368,2750
27422283853201408,2751
2338319752314748928,-2753
7521426357448867840,-2754
35684383457280,2755
20639400916418560,2756
7809644617497837568,2758
27430755376300032,2759
431298248704,-2761
20667983923773440,2762
29099064855363584,-2763
27973164948520960,-2764
1919221760,-2766
29099049722314752,-2767
5292399624303149056,2768
27423344710123520,2769
20682243215196160,2770
20674585288507392,2771
33321161152528384,2772
27338725801328640,2773
2336630906749452288,-2774
34447121390239744,-2775
30153481174122496,2776
2340008593585078272,2777
80702435491840,2778
1694498816,-2779
20639396621451264,2780
31632341575139328,-2781
32476695856414720,2782
27394800357474304,2783
1818326016,-2784
27377203876462592,2785
27433304739282944,2786
431433019392,-2787
20669087730368512,2788
7737591477340995584,2789
9114351950692352,-2790
4855287698644008960,2791
35645853270016,-2792
500135977216,2793
491337547776,-2794
1835401216,2796
27421959283277824,2797
127972845551616,2798
20583326360272896,2799
27437352446066688,2800
27421008247914496,2801
1936875890,2802
32758258645073920,2803
27417886343561216,2804
20673511546683392,2805
27420859771650048,2806
27431075651256320,2807
33321163736219648,-2809
27417561236766720,2810
1667328768,2811
7021710422084419584,2812
7598805544815558656,2813
27421158571769856,2815
29380533171519488,-2816
27394471492583424,2817
133500468461568,2818
27428885217935360,2819
27436252934438912,2820
27431086170570752,2821
2338601222996492288,-2822
35645870112768,2823
28817531577827328,-2824
7021781859738583040,2825
118115895607296,2826
1920164096,2827
1937338112,-2828
32758248142536704,-2829
2334942048299253760,-2830
35705858293760,2831
2053963776,-2832
27394791767539712,2833
35632961290240,2834
27428910987739136,2835
29380509767303168,-2836
7021802810589052928,2837
27436577504362496,2838
1627389952,-2839
123613453746176,2840
20673485776879616,2841
20681143703568384,2842
27423383364829184,2843
27421216453165056,2844
1952776192,-2845
27424156995813376,2846
139375241984,2848
20668013988544512,2849
27377238236200960,2850
27437677015990272,2851
27437642656251904,2852
499927482368,-2853
107107894427648,2854
35645963632640,2855
27428556353044480,2856
27338777340936192,2857
20669117795139584,2858
107114001334272,2860
27381627692777472,2861
139250892800,-2862
1851880960,2863
27430903852564480,2864
1852112896,-2865
27422288148168704,2866
1936483584,-2868
448730497024,2869
27431110010994688,2870
20669083435401216,2871
27422292443136000,2872
2340008607006851072,-2873
27428876628000768,2874
20666884412145664,2876
35645846192128,2877
20669049075662848,2878
110415556116480,2879
7021792880624664576,2880
1937006958,-2881
491427790848,-2882
27691659907039232,2883
461497237504,2884
27433240314773504,2885
27431079946223616,2886
2333816152687378432,-2887
20667945269067776,2888
9114316275974144,-2889
35680145702912,2890
27421218701312000,2891
8746397738037411840,2892
80762565033984,2893
80784039870464,2894
27394796062507008,2895
20666888707112960,2896
27424487171424256,2898
20665819260256256,2899
20673447122173952,2900
20673481481912320,2901
2036662272,-2902
107152639262720,-2904
20655915065671680,2905
20682277574934528,2906
461213165939,2907
27421184341573632,2908
1818322944,-2910
8386109823682347008,2911
107114018111488,2912
27424512941228032,2913
80689550589952,2914
7809644673332412416,2916
27422279558234112,2917
107114034888704,2918
78529182040064,2919
27431114305961984,2920
29380514062270464,-2921
35680088489984,2922
1918987008,2924
27422318212939776,2926
27424444221751296,2927
20583330118369280,2928
27436543144624128,2929
1744830464,-2932
2333271924496400384,2933
27428880922968064,2934
27424158306533376,2935
2333279612487860224,2936
27338731404918784,2937
35680205930496,2938
27394830422245376,2939
80788334837760,2940
107077829656576,2941
20639430981189632,2942
35615798198272,2943
106940390703104,2944
123643518517248,2945
107120779329536,2946
20666850052407296,2947
80620831113216,2948
27428846563229696,2949
107133664231424,2950
27422249493463040,2951
27424448516718592,2952
27428773548785664,2953
107176613904384,2954
80753975099392,2955
27424482876456960,2956
80758270066688,2957
80732500262912,2958
107150844100608,2959
107009110179840,2960
80728205295616,2961
107116484362240,2962
521502982144,2963
1818296320,2964
289557970944,2966
107172318937088,2967
107082124623872,2968
1852072192,2969
80569291505664,2970
107125074296832,2971
107146549133312,2972
80736795230208,2973
107142254166016,2974
0,-2975
