8465114095442460672,-1
7955925862606438400,2
5290639277967802368,4
27424158311186432,5
7658773726883741696,11
7739753110490316800,12
31077835450286080,16
31361509445599232,19
80403707994112,20
30716400883793920,-21
5144553765054971904,24
7596200812154454016,-25
7094612468130906112,-26
7881616502963568640,-27
111189932994560,-28
139258590061,-29
7020584544944259072,-32
7737501340707848192,33
7091320173717618688,38
431349784832,-40
1802790252,-41
1851878509,42
461380090112,43
465859603968,44
7449353348773314560,-45
495774429952,46
28547119145025536,47
8464904099693854720,-48
52916046004224,-49
32168550995066880,50
139292144640,51
2338902162764988416,52
7669469774153252864,-53
35650059370496,54
2037084025,55
30434904407801856,-56
461498181376,57
35684390731776,58
7083998880542490624,59
27338751571132416,60
111190061613056,61
3978403024891543552,62
111189949284352,63
289649552384,-64
35645853925376,65
28183124961656832,-66
35615515082752,67
1952542305,68
80403489816576,69
30510839630921728,70
29384587570315264,-71
1920234851,-72
35323495645184,73
7575168342625878016,-74
29590522779664384,75
444065999616,76
7522536898552659968,-77
1819635065,78
8387989945616171008,79
8103137333609496576,80
1802724640,81
7575170159397044224,82
2338324180426031104,83
7021786283554897920,84
20065126778404864,-85
1885692773,86
8223692903784906752,-87
1735157100,88
1919317358,89
107891262816256,-90
7286904598873243648,-91
1734636914,92
491311298048,93
1936028265,-94
1970169198,95
1802724718,-96
8030609118530109440,97
139358070016,98
6010450763862507520,99
470070685184,100
35645886824448,101
7382078686150787072,102
34177357413613568,103
28263436555124736,104
30510816847462400,105
35675648884736,106
27620163398402048,-107
30153501338238976,108
30153428323794944,109
7454971840306348032,110
1919182198,111
7308814846252810240,112
491478415616,-113
28272981415297024,114
7935456209736302592,115
8030602169273024512,116
1919183215,-117
8031361137238867968,-118
5722984853234778112,119
29590478370373632,120
7960429421632946176,-121
3544650025650880512,-122
30997863253147648,123
7449270885401231360,124
7945316350841323520,125
289564619520,-126
1936483698,127
2037741933,128
1852601715,-129
1684370035,130
1920560928,131
1852533102,-132
8030798187285446656,133
7596568854696820736,-134
14953879623958528,135
8823994688835944448,-136
35680275136512,137
119986121080832,138
33050681610862592,139
126583095820288,140
2336634969788514304,-141
422725382912,-142
4851905257279586304,143
35632968040448,144
2314944156583067648,145
14672344752586752,146
139425292288,147
2334026133638479872,148
1852531065,149
1851941242,-150
7883959203964911616,-151
461480747520,152
431299454208,153
2338605655402741760,154
2333463170800156672,-155
15516829577379840,156
9061214810275840,157
7885647276436094976,158
32210663199735808,159
1818586469,160
7863418127734800384,161
1953723758,162
8316012298099490816,-163
14109394799165440,164
18894499266691072,-165
30514885339119616,166
30528079428321280,-167
7453211535075180544,168
7091234736500113408,-169
35650109702144,170
500135193600,-171
7450486966736388096,172
7597116716430131200,-173
7575175656955183104,-174
7161123767190552576,-175
126583329849344,-176
31036053833908224,-177
8248659836439363584,-178
7378339191270146048,179
7226342729616195584,-180
35615687376896,181
7734211217819959296,-182
30224614302941184,183
5724673617195696128,184
7017769823413207040,185
1986359918,-186
35607131455488,187
7237883177891528704,188
1819638117,189
30229373311254528,190
32123774635606016,-191
8319310038413869056,192
8391649094543605760,-193
7381236425884172288,194
1986358380,-195
8032839675435548672,196
2053205093,-197
500135848192,198
8244719169585545216,199
31279336820572160,200
1920165230,201
35474071945216,202
28464678405406720,203
27901629785178112,204
35615682854912,205
500136111616,-206
1920232545,-207
7743130778267025408,-208
15798244659429376,209
121377695989760,210
31373604071407616,211
91398755909632,-212
491445515776,213
7239925026818883584,214
1836415343,215
7442515503140044800,-216
2053206560,-217
1818453358,218
128782236385280,219
2037605746,-220
1819634805,-221
7953674065141563392,-222
1987406945,-223
110090420813824,-224
6155611892439056384,225
139359251968,226
34375622985777152,-227
121390474723328,228
4856413547011244032,229
139292407040,230
125483599855616,231
9042883487203328,-232
422726429440,233
1937337632,234
2053268843,235
119986160205824,-236
1953854325,237
30997897461891072,-238
444301800704,239
3545212975604301824,-240
1852140665,-241
1819112814,242
444301861120,-243
29380189288923136,-244
444234820608,245
1919246953,246
2037739105,-247
2053467756,248
121085704339456,-249
431299590656,-250
1919120748,-251
491287216128,-252
2338605646812807168,253
2053600626,254
2053468779,255
35323730788352,-256
106791918960640,257
139241742592,-258
1801809516,259
1852596594,-260
1937075829,-261
431483353600,262
444032876544,-263
30997882781827072,264
422575407104,265
1869576448,266
1852645376,267
1885695232,268
74098570952704,269
33044112575823872,-270
139376001024,271
139375804416,272
1734829312,273
2037540096,274
111516577693696,275
2053726464,-276
1920101120,277
31351929820938240,278
29395580807544832,279
118169112936448,280
139140661248,281
30479991330308096,282
125805766115328,283
28536097722073088,-284
1798381568,285
482839166976,286
444200714240,287
1852143616,-288
444217622528,-289
431315681280,290
500202536960,291
1667462400,292
35641450561536,293
80738842050560,294
422658703360,295
1735554048,296
461363675136,-297
1852727808,298
133502498504704,299
121369031344128,300
422758711296,301
121446542082048,302
2053727488,-303
127961940361216,304
9085402019266560,305
1818583296,-306
32481115377762304,-307
33041561365250048,-308
125659703672832,309
31076734086414336,310
1920167680,-311
28555867456536576,312
9094198112288768,313
1802860032,314
30518474237280256,-315
1853059840,-316
495841116160,-317
431350153216,-318
118169280708608,319
358402555904,320
139240669184,321
2054056192,-322
28832987336409088,323
34181007598944256,324
115940259790848,325
9087905985200128,-326
1919641856,-327
1852989696,-328
139291918336,329
2037345024,330
525821345792,331
9130817003454464,332
1852137728,-333
32175472620077056,334
1953461760,-335
1986879744,-336
461598162944,337
1650812672,338
2037672192,-339
444368224256,-340
27691689971810304,-341
1886677248,-342
1852137984,343
1920562432,-344
62811262681088,-345
1801810944,-346
1920166144,-347
1919511552,-348
33321142261383168,-349
499868041216,-350
1919969280,-351
448528973824,-352
1851878912,-353
2053731328,-354
126943848562688,-355
29085853535961088,356
54015169658880,-357
33330015663816704,-358
35645661642752,-359
1919885312,-360
444301377536,361
1852072192,-362
1919509760,-363
1752047616,-364
1852076544,-365
1920166656,-366
1852075776,-367
119208545353728,368
422725484544,369
32485590733684736,-370
1835627264,-371
1919644928,-372
495958425600,-373
35628800540672,374
1852796160,-375
1886150912,-376
1835532288,-377
1685454848,-378
1835466752,379
1701642240,380
465601298432,381
78494822301696,382
1987313664,-383
117067923587072,-384
1952645120,-385
508433530880,386
1702494208,387
358361333760,388
1684865024,-389
87381109637120,390
1684275200,-391
128045859995648,-392
1629487104,-393
1735327744,-394
1953234944,-395
426845929472,-396
120263379255296,-397
474476445696,-398
121465970098176,-399
1885405184,-400
1835073536,-401
123609158778880,-402
1952972800,-403
508651634688,-404
119211112267776,-405
1734410240,-406
121371480817664,-407
1835139072,-408
8315178870104159520,451
7810478843700277867,452
8532469855543391520,453
8235234479027088928,-456
7738717018289108256,459
7166752169031660832,463
7597045237142091123,-466
2335518967305956723,478
7953759502316432928,-483
8750046714006435072,485
4857534758633437440,487
32123788903015790,491
8387230966585063680,492
5291202258178220032,-496
8314047472640293120,498
13849587720942880,499
5294579957898747904,-500
7739753050284584192,502
8314004591686809856,503
8235234479161309440,507
5291247015813805312,509
8235149073719847936,515
5294343240558144768,518
7959389002018398208,519
32968187996632320,-527
7802888914961694720,-529
8461173415643185152,-530
7598171137048903680,-532
7810461251513090048,533
8028546406689341440,538
7598532584311619584,-539
7445978644492582912,-540
8823507284881899520,542
7882536437766160384,543
30997863160160256,-546
7308814890999742464,-548
8242001973258223616,550
5294579992072880128,552
35323630678645,556
8223685535540248576,557
7740673049392119808,559
30153468361908224,560
31069039190437376,-562
8315173372545990656,567
7233182462587699200,568
7308331883322933248,-572
35323630155123,573
30997863160179456,-575
2335518967333912576,-576
9042814976226560,-578
29680356054887936,579
7874959703143415808,580
7310503741100457984,-581
7308814891117182976,-584
7233098092250136576,-586
2329889467770601472,588
7226342723063971840,589
126943972915712,594
491444596339,596
121085536575488,-598
14131062697623552,599
30761176096833536,-601
30997858864529408,602
34165264062873600,603
431349919329,-604
7377213310589992960,605
7094694575054258176,606
139174702691,607
121085519684864,608
431348870245,-609
27988207742484480,610
7863391741368336384,-615
8750529721709625344,616
16079680770998272,617
495724096800,618
495723962656,619
444335417710,620
121085603704320,621
7959021915400568832,-623
139258588773,625
8317985923316842496,627
18939227074985984,-628
118886580448768,629
8244719188711571456,-630
20681953005010944,633
29380189492346880,636
118886380170752,-637
8319385601619001344,638
29590552666505216,639
139324650016,642
111190033571840,643
495724097056,645
35615720958976,646
115588080082944,647
20670957888733184,649
32686743152295936,-650
7575176757003681792,-651
7953674097001496576,-654
2326426309804163072,-655
139391754752,658
499900573184,659
1819894132,660
491444860416,661
1869574009,662
139375374080,663
56214451191808,-664
7090194594205270016,665
1818586721,-666
8308977983482232832,667
139173590272,668
7959097964591316992,669
461480992768,670
7380072816164470784,671
30521804749537280,672
111512273616896,673
1919249517,674
1920298083,675
7305437249611497472,676
495774429184,677
7308912423614808064,-678
32123761750704128,679
422725296128,-680
3689609698786410496,-681
35645785702400,-682
427120948480,683
14953819729297408,684
495756603904,-685
5723547781713362944,686
3546360543621152768,-687
1936028192,-688
422725820416,689
7165063317352873984,-690
500069395200,691
8531350933139881984,-692
1668640356,-693
1920234866,-694
1735749221,695
8032487054325579776,-696
35615666077696,697
422826044928,-698
8749685355113873408,699
1885695081,700
8310584228236492800,701
30515207679770624,702
1920169332,703
1802855285,704
1953853025,-705
1853190765,706
35650025816064,707
461380087552,708
139391755008,709
1802270073,-710
474400038912,711
474400055552,712
139358464768,713
491478392832,-714
1919837548,-715
111546515324928,716
15516769682718720,717
495874044416,718
1802857829,719
1919182183,720
1852142187,721
440124403200,722
431416962048,723
1919247205,724
1684368741,725
23491564143640576,726
1919906304,727
431483912192,728
32738448343302144,729
495908487168,730
1936024320,-731
20673447122173952,732
114814793809920,733
29099069150330880,-734
111512282726400,735
30788662039937024,736
34145857586593792,737
22272137028960256,738
139292180480,739
469802680320,740
93958751387648,741
9120968643444736,742
422641467392,743
2037129216,744
31090233168625664,-745
358317883392,746
1952805888,747
9136129877999616,748
1853125632,-749
27691642727170048,-750
121407686049792,-751
32196354751070208,752
2036693248,753
35641584779264,754
444200910848,755
1919246592,-756
422726336512,-757
80725957148672,758
139291787264,759
2036689920,760
27973173538455552,-761
431383707648,762
1717922560,763
435711508480,764
9119486879727616,765
120308358971392,766
35635880525824,767
289681965056,768
2037605632,769
448345079808,770
107011022782464,771
33040788271136768,772
474366083072,773
525804568576,-774
1853104128,-775
119208662794240,-776
448361988096,777
1667784960,-778
431411429376,-779
29079308005801984,780
1919492096,-781
1986600960,-782
2054452480,783
111512148508672,-784
1819505920,-785
27428859448131584,-786
139476664320,-787
1919377664,-788
9118709490647040,-789
512745275392,790
111484466102272,791
1986199552,-792
1685258240,-793
427114364928,-794
119198227365888,-795
109341277421568,-796
452817059840,-797
35708358098944,-798
2036400128,-799
474275119104,-800
838860800,-801
7811901611745506592,818
8314047472639178016,820
7954312556798899571,822
7017840911235446048,823
7810684774715301888,-830
8314047472639767808,832
8244156238849732096,834
8461736395847049216,-837
7597045267274492672,838
7229805862350320896,845
7306080083509248000,-849
7600221434171883520,-850
7740673049503989760,851
8242820009909288960,853
8319676972202459136,-854
7522542037181136896,859
35323629565287,860
9042844991168512,861
35628572964352,862
60612498694144,863
495958390131,-864
7454992440814993408,865
30434904611225600,867
115588045565440,868
35684238847488,870
461481798432,871
7953757303453253632,873
8387227668109590528,875
35645852577280,876
139174702700,877
32123621282676736,-878
30716456964456448,879
8458169257878880256,-880
461413883904,882
1852401440,883
495756602112,884
139358334720,885
495724031744,886
7814717811393036288,-887
108243718307840,888
78204612116480,889
35615805865984,890
289683108608,891
56214267691008,892
461481797376,893
1920230759,-894
444200611584,895
1735750507,896
139375960320,897
1919247211,-898
8316305128969732096,899
139391758848,900
1919184743,901
31090282258759680,902
1819501934,-903
7575168239546662912,904
125805935984640,905
35684519772160,906
7238810122028318720,907
1919776107,908
1886745376,-909
8382727687260602368,910
1853056378,911
7235432353588314112,912
9114313490956288,913
1818587759,-914
35684234559488,915
1836413556,-916
8029468899202301952,917
27428848408723456,-918
9129383021248512,919
1920230755,920
1668640353,-921
139426362112,-922
9123122267553792,923
29103467196841984,924
121377755496448,925
444318547968,-926
34447059348094976,-927
448423526400,928
9127484108832768,929
139190272000,930
9114345803874304,-931
139174150144,932
1734680576,933
448344358912,934
133562510606336,935
431416606720,-936
107126919790592,-937
431416016896,-938
1852252160,-939
1919705344,-940
1735549184,-941
1936029184,-942
444092907520,-943
444126461952,-944
1769603072,-945
448723419136,-946
134582800220160,947
2036793344,-948
7020655661002552608,955
2326511768050103655,956
33325237183739168,963
7947004103043129344,972
35645853295904,-973
7020664457124642816,-974
7954594031804088320,977
5291273404121350144,978
30153438179719424,-979
8317138199851827200,-981
35615671547136,982
7946918696302149632,983
461480685430,985
9042844985589760,-986
8097879380740538368,988
24046458586005504,990
27338688457342976,991
139425313312,-994
422827029760,995
1802857827,996
32195326005739520,997
28554817102151680,998
444216996608,-999
28554838509879296,1000
9117289769074688,-1001
1920297839,1002
461498510336,1003
8388065494090907648,-1004
35679945162752,1005
1852007795,1006
461598556160,1007
35648765427712,1008
31087905296351232,1009
80708542398464,1010
2037147904,1011
139123556352,-1012
289581367296,1013
1667590912,1014
1852799488,1015
1853191680,1016
431349301248,-1017
431415689216,-1019
1852144128,-1020
1920233216,-1021
35684618338304,-1022
2053923072,-1023
1853120768,-1024
35624371355648,-1025
1818589440,-1026
2053924096,1027
444318613504,1028
2037972992,1029
358344556544,1030
427248582656,-1031
113709259161600,-1032
74109660692480,1033
1948254208,-1034
431526772736,-1035
1650589696,-1036
439932157952,-1037
35639638622208,-1038
4857534758632322336,1044
8458733307249849632,1045
7234224022411878400,-1049
20583353396064256,1052
8235149009344528384,-1054
35632968900608,1056
482956506477,1057
139258591605,1058
139240763904,1059
8102650224188588032,1060
139291357952,1061
1819636592,-1062
444233752576,-1063
431348611328,1064
139241678080,1065
121407755255808,1066
500270722304,1067
35680212549632,-1068
1836413545,-1069
491612631808,1070
444216998400,-1071
125805807337472,1072
111550805311488,1073
139391757568,1074
431483088384,1075
289649553920,-1076
27713329864638464,-1077
128782146994176,1078
139392809216,1079
431415915776,1080
1852272498,1081
452768825344,1082
461363937280,-1083
1919902720,-1084
1835360512,1085
422642319360,1086
431416213504,-1087
444262776832,-1088
9123094652256256,1089
1684369152,-1090
1685415680,-1091
115974619529216,1092
491461607424,-1093
1936417024,-1094
112601157599232,-1095
1953038336,-1096
1651048448,-1097
1920073728,-1098
7020584515088510496,1100
7810774612356104192,1104
9042845226049536,-1107
33053657840746496,1110
8747433466951368704,1113
1986359917,-1114
1684370273,-1115
9123108074029056,1116
461364294912,-1117
139324651776,1118
1852272506,1119
80730158071808,1120
491461900544,1121
139358204416,1122
1802858100,1123
1668640365,-1124
495907504128,1125
448528711680,-1126
1986618368,-1127
29952290173485056,1128
35542884417536,1129
444301901824,1130
1819672576,-1131
87333864996864,1132
491444596340,1140
139291227506,1141
1919186274,1144
32478922494967808,1145
118886496534528,1146
461481469184,1147
1735750767,1148
1735750764,1149
1818453355,1150
1853123937,-1151
1802857573,1152
457186156544,1153
119230338957312,1154
22362296982437888,1155
1818521344,-1156
139358633984,-1157
444363440128,-1158
125805917110272,1159
1986491648,1160
107096821465088,1161
440133484544,-1162
1936719872,-1163
1818951680,-1164
1685651456,-1165
7956011302297870336,1168
9042827927691264,-1169
495774431599,1170
30153489835556864,1171
30506089399189504,1172
139174700032,1175
461448242944,1176
9127183997992960,1177
30796695541383168,1178
1852142435,-1179
1952543353,-1180
139291223296,1181
1818584832,-1182
521543286784,-1183
289598603264,1184
431416541184,-1185
495908618240,1186
1852406272,-1187
111542146170880,-1188
30434943456079392,1190
30997927534358528,1192
7802885616426811392,1193
9042845226069504,1194
139292009827,1196
3546359444109524992,-1197
461447197184,-1198
30796712855470080,1199
139376291584,-1200
1802728818,1201
1802529140,-1202
1919248233,1203
139291094016,1204
461598454528,1205
495656989440,1206
30235904043909120,1207
289598144512,1208
1852143104,-1209
91682183839744,1210
9119809002274816,1211
28541582395310080,-1212
431349235712,-1213
1852138240,1214
80756021919744,1215
1684996096,-1216
35665408425984,-1217
1852768256,-1218
32123793316343413,-1219
30997893174599680,1221
29672659585335296,1222
7598524138558324736,1224
1819632741,1225
8314604175891628032,1226
139359254784,1227
139358267648,1228
35654460833792,1229
422642545152,1230
139241153792,1231
289582444032,1232
35705915244544,1233
121304673943552,1234
440040292352,1235
126965205958656,1236
22363486688378880,1237
1852662016,-1238
122475287412736,-1239
444176793600,1240
139324650089,1244
122528747249920,1246
128034912075776,1247
139476104448,-1248
431299588096,1249
139258455296,1250
1684370291,-1251
1802857836,1252
491462291968,1253
444367962112,-1254
1802857216,1255
1650813696,1256
23478011045967104,1258
1852598643,1260
54015557632000,-1261
4858092544216530944,1262
33321165648822272,1263
128034805907456,1264
289582424064,1265
139392742656,1266
431299065088,1267
139392843776,1268
422708576256,1269
1853125888,-1270
27678504422211584,1271
431349366784,1272
1651507200,1273
491478413856,-1274
474400059136,1275
1919249524,1276
444233875456,-1277
125801504702464,1278
1802856192,1279
461363806208,-1280
461380088681,1281
3546366041179291648,-1283
139359187968,1284
113741176504320,1285
1936026985,1286
33321198095958016,-1287
1953326336,1288
1801812480,1289
444199993344,1290
476741369856,-1291
139241284985,-1292
495958390124,-1293
35542840470528,1294
32210658904768512,1295
289581301760,1296
93984286310400,1297
500135690240,-1298
7809648712449261568,1300
3546364941667663872,-1302
139292008704,1303
289581134592,1304
495756604160,1305
1802857569,-1306
500052590592,-1307
499968180224,1308
1819213824,-1309
123634928582656,-1310
8531260774983663616,1311
139241814528,1313
15541734297567232,-1314
31073740494209024,1315
125810094637056,1316
35542766977024,-1317
29871974285049856,1318
2037085440,1319
435637190656,-1320
339302416384,1321
1962934272,-1322
35645852775680,1324
35615687861504,1326
35658738368512,1328
7885648053825175552,-1329
431416942592,1330
139107565568,1331
93928552398848,1332
461381369856,-1333
427047256064,-1334
2334393067427069952,1336
495656989728,1337
139391757824,1338
491580125952,1339
461599239424,1340
431231401984,1341
35645971328629,1342
461598031872,1343
7091324571883667456,1345
7090198671974727680,-1346
461481211136,1347
107126988996608,1348
139359251712,1349
119215944105984,1350
15540634785939456,-1351
495907569664,1352
495908093952,1353
122567528546304,1354
8101820099117187072,1356
30233410515501056,-1357
2054123040,-1358
431416868864,-1359
418323103744,1360
91688961835008,1361
1953759232,-1362
495774427904,1363
139101995008,1364
1919972608,1365
9134141845012480,1366
139358725376,1367
2037738240,1368
126965507948544,1369
121403458191360,1370
431416475648,-1371
1886745088,1372
33039662989705216,1373
139174477824,1374
35628572308480,1375
139275367015,-1376
495773380096,1377
35615716409344,-1378
1852140576,-1379
1802264832,-1380
444059353088,-1381
1694498816,-1382
431299590511,1384
55115069259776,-1385
469970478336,1386
35654376685568,1387
289581851904,1388
139358248960,1389
115588007460864,1390
35684507516928,1391
495840526336,1392
500202340352,1393
108217707266048,1394
35645752156160,1395
139325145088,1396
1919182187,1397
461313565952,1398
27424461401620480,-1399
422726270976,-1400
9042905115131904,1402
107148461735936,1403
121446407864320,1404
289565114368,1405
127983465529344,1406
87299505258496,1407
289565666304,-1408
1819635043,1409
448505315328,-1410
139325633792,1412
31090280950136832,1413
491578814976,1414
465776672768,1415
139206983680,1416
139292012288,1417
1852702720,-1418
27424514853830656,1420
24043518980784128,1421
35705983429376,1422
495958390048,-1423
461481404160,1424
461380086784,1425
1918987776,-1426
526032830464,-1427
1802728826,1428
115948849725440,1429
118090125803520,1430
139359251456,1431
431299587445,1432
521543184896,-1433
31361865992896512,1434
289576845312,1435
139258588160,1436
1919184640,-1437
139241743616,1439
422725812224,-1440
20668758865477632,1441
29675958120218624,1442
1885695488,-1443
1818296320,-1444
120366458470400,-1445
139359184128,1446
35675851456512,1447
289565603072,1448
139258588516,1449
1920532480,-1450
1818457451,1451
80403635372032,1452
139291459584,1453
461364358656,1455
1853489152,-1456
461280404736,1457
495723020288,1458
1919249152,1459
521611341312,1460
1685418496,-1461
431299523840,1462
465776148480,1463
422574358528,1464
139291555072,1465
139290831904,1466
1919025152,-1467
422943945984,-1468
139257511936,1469
1920229888,1470
1952807168,1472
1818452224,-1474
139359092736,1475
463856467968,-1476
1920298597,1477
500061700096,-1478
461481798508,1479
139258588517,1480
35645848289280,1481
2036670464,1483
139174704128,1484
139106282496,1485
461380648960,1486
1952801792,1487
474493222912,-1488
431299587360,1489
139476541440,1490
1802790265,-1491
461363019776,-1492
139325669376,1493
461358759936,1494
422558459136,1495
7091320476932243456,1496
139359186176,1497
139375878144,1498
431543549952,-1499
444201172992,1500
431298510848,1502
461599145984,1503
139425021952,-1504
1852142368,-1505
1936420608,-1506
461598123264,1507
1650816000,1508
1852006656,-1509
35615804817408,1510
461364330496,-1511
448411475968,1512
358234587136,1514
1862270976,-1515
35675984429056,1516
139376263168,1517
444200386560,1518
139292402034,1519
121375775784960,-1520
461497892864,1521
289564590080,1522
139173625856,1523
1819895040,1524
431416999936,-1525
461447168000,1526
500263026688,-1527
1685323776,-1528
1920232704,-1531
461498508544,1532
2053205504,-1533
139275141120,1534
35645971308544,1535
468151435264,-1536
422752288768,-1537
422726410240,-1538
1935736832,-1539
35474013945856,1540
1802331392,1541
358402490368,1542
289565638656,1543
521737863168,-1544
1651864064,1545
139292143221,1546
8390880578865463296,1547
7021781919868125184,-1548
139391737856,1550
431299587072,1551
2037212416,1552
139258062080,1553
139258568704,1554
491673092096,-1555
107152756703232,1556
91701846736896,1557
461480813824,1558
139174110464,1559
20666850052407296,1560
27421220613914624,1561
139359188224,1562
521610264576,1563
23484906944331776,1564
444200321024,1565
139418664960,1566
495773876224,1567
1818820608,-1568
8027214930430132224,1569
1814036480,-1570
1718288384,1571
1818586624,1572
474299572224,1573
35680145405184,1574
1835364864,1575
1952805737,1576
1851850752,-1577
126963528237056,-1578
139391757056,1579
461608321024,-1580
139258588448,1581
1836413440,1582
35645728751616,1583
139476008960,1584
139291026688,1585
461448019968,1586
1919706368,1587
139258588533,1588
495766732800,-1589
121390573289472,1590
1853189733,1591
461497499648,1592
139291225856,1593
35615848529920,1594
139292142848,1595
481036337152,-1596
461593640960,1597
2037150976,1598
139257380864,1599
139257476466,1600
1684078592,-1602
35645887414272,1603
422953615360,-1604
111542213279744,1605
1919249920,1606
35615781421056,1607
444193570816,-1608
1852597504,1609
28547120520757248,1610
139358336256,1611
139358790912,1612
35705908625408,1613
139116675072,1614
35615714312192,1615
35607090823168,1616
1735550208,1617
139290935296,1618
2037146880,1619
1852112896,1620
2046820352,1621
35626753720320,1622
0,-1623
