7743222816815710208,1
119062557976832,-3
125762571952384,5
7234223977961357312,-6
7598255802423443456,8
7451608144041476096,-9
7719290059588894720,10
315300735264,-12
8029470773502541824,13
8728109537308966912,-14
23999179703451648,-17
7575174871513038848,19
9117603157245952,22
27338675488555008,24
106791835495424,-25
7802886891946115072,-26
6013525000336703488,-30
78569807637504,-31
115588029899776,34
7802893313123549184,-35
9128563914833920,36
7286945578917822464,-37
27430755162980352,-39
31042650926809088,41
6998711607744266240,-42
23469215003115520,-44
7091234587937865728,45
7950296319938002944,46
8028907823482011648,50
31055845067456512,-52
7950296335893135360,-54
117787052109568,55
111189747769344,56
9122787048554496,-57
28464472321687552,-58
7233195656842575872,-61
121261446209536,-62
315301849458,63
24043160174067712,64
8030516705648181248,65
8295750811892318208,67
133459337110528,-69
8242842000156524544,-70
27338675494387712,-71
8815072931127230464,-72
6998717444940365824,77
2334106421156642816,78
125483466498048,-82
31362973811343360,-85
7810474445797064704,-88
7881616442834026496,-94
119182749147136,-95
110386907540480,97
7742643374456307712,-98
29681455464710144,101
6998715202766110720,-105
7451614741111242752,-106
7308533390251130880,-107
7521410639563063296,111
127682556556032,115
5136672452922834944,-116
28464575395397632,117
115587861406976,119
31081309994745856,-121
20668758720249856,122
7791335543094116352,-123
8387235364674207744,-124
28464575401230336,-125
139208320288,128
27338709903409152,131
123563548107008,132
8308994117073895424,-134
35637330013184,135
8028629926347276288,-136
27417561157926912,138
117963229326848,141
8307288774472105984,-142
8746393212769271808,-143
7019740047117123584,-144
7310015530667081728,145
139072924018,147
32123749958418432,-149
7729136973620707328,-150
4857533659265105920,-152
6008197866231693312,156
8463425202515083264,-157
7719280951288659968,-158
27707114828857344,161
8800141859625107456,-162
7238817459694731264,-164
8800161633469988864,-166
2338601250527903744,175
6008203364058267648,-180
8746307554260287488,-184
32450025978789888,-189
31081413075337216,190
8316856724992557056,-191
133459337115904,-192
2333264968276770816,-196
5292372915864469504,-198
8308994117241667584,-199
125483466039296,200
418380605817,204
117963229306880,205
121398885250048,206
23442826557194240,-207
8750331487393415168,-209
4851901960707637248,-211
2333279262263476224,-212
28263085600079872,-216
28550058067099648,219
7814951657145368576,-221
28464609792950272,-222
7810448057517998080,-224
28554769641504768,225
139207795561,226
315301390714,228
121085352633344,-229
7738710716290433024,230
29099066619068416,232
8316856724891893760,-234
8367803695441641472,-235
125711099502592,237
8242793621745565696,-238
28550058000777216,-239
2334393381058248704,240
7229805862158598144,-242
7286938964533968896,-243
7737586896372498432,-244
7013029448295383040,-246
9140658543067136,247
110318188830720,248
27423338073227264,250
31362888046215168,-254
28554456181112832,-258
35602753022208,259
32485210250412032,-260
7954799919749922816,-261
7791345438648434688,-263
8314059743303827456,-265
315485680160,266
5283673579865505792,-267
119165820695040,268
7444294419001376768,270
9042836551434240,-271
478711543072,-273
7957122908663316480,-274
1768186980,275
32405241022382080,-276
1769171307,277
7308605939043532800,-278
2333543439443951616,279
109330227855360,-280
4848532131699228672,281
120162069577728,282
133476333518848,-283
6157105020639641600,284
107118253113344,285
7734196103830044672,-286
7233190436494376960,-287
8530218230004842496,-288
435710682624,289
1870034284,-290
9132960729006080,-291
7809614801834868736,292
2334406573251624960,293
107105301561344,294
3900245237263499264,-295
1634626401,296
118151889223680,-297
127961812500480,298
8032768503532486656,-299
7021792850559893504,300
1970894194,301
1952804459,-302
120213541879808,303
7596847310311522304,-304
7737595793783128064,-305
121399019372544,306
139073711872,307
5291855340277596160,-308
418380999680,309
133545052733440,-310
1701996652,311
7802901183835668480,312
28241421643284480,313
1701339513,-314
1701734249,-315
1634888555,316
119182866055168,317
418530816000,318
110369576648704,319
120282356383744,320
108067374366720,321
33040758743236608,322
139073381120,323
418246717184,324
125762639364096,-325
418313823488,326
108170682826752,327
7959395962307215360,328
1768846433,329
1701339424,-330
35637045886976,331
20625877758902272,-332
8746363524327931904,333
33058368109150208,334
7739850926491435008,335
2328207440794877952,336
127961594462208,337
1634495264,338
1701208422,339
504279998464,340
8530134770200346624,-341
7874958777873596416,-342
7082317546874994688,-343
32761187846324224,344
34172960793165824,-345
30518184041775104,346
29680669646913536,347
30509666886746112,-348
7597121178901151744,349
7935416627317702656,350
123598210138112,351
1802462322,352
121261446135808,353
7741540562330714112,-354
7815266480580198400,355
1634628459,-356
23398060155469824,357
127995949875200,358
7882828085672804352,359
8818437714119491584,360
6008213536872857600,361
1634431845,362
1768779638,-363
418447453440,364
6001461332887470080,365
110386723422208,366
8028912219901132800,-367
7521419713134460928,-368
120299440570368,369
1701736047,370
2336083380023590912,371
7090201182685102080,-372
57313812348928,373
8800144125555900416,374
107144123908096,375
8387237875367804928,-376
9120952000446464,377
8030602508575440896,378
8460967513058967552,-379
1769367922,380
127978909138944,381
1818323052,382
80403489161216,383
1701341472,-384
7881699986742706176,-385
1769239649,386
31083697990008832,387
114767522758656,388
127682484371456,389
7161124046363426816,-390
7234298778574913536,391
504463716864,392
474264728320,393
8319681733473599488,394
4857539468392923136,395
9135109638717440,396
7020659254071656448,-397
7161130703562735616,398
123284711800832,-399
1634232685,400
1769105001,401
418246323968,402
5723631357481975808,-403
2336559382659072000,-404
7575163562327277568,405
1869506415,406
7575148169164488704,-407
1969775972,408
1768317305,409
7306281571462414336,-410
14418035376914432,-411
8316299584166952960,-412
504465029376,413
7522454387935936512,-414
35688853405696,415
8819576842525605888,416
7142836968970256384,-417
7454982543364849664,-418
1769108581,419
8241987853853130752,-420
6009337237756444672,421
34458029231439872,422
91677711532032,423
7809642289625563136,-424
7523653641589227520,-425
7876635584645562368,-426
34094109455024128,427
5292891063051091968,-428
7019262891484250112,-429
30243645437247488,430
2335506084879400960,431
7524517857728659456,-432
8314040053412134912,-433
7163378079560105984,-434
1970894197,435
7503115103684788224,-436
118100412334080,437
1634232683,438
7667777939290718208,439
20104885408104448,-440
7881693424032677888,441
7161126142307467264,-442
119251720011776,443
1969714542,444
30774705157832704,445
2334084485064163328,446
2338897030279069696,-447
9128598266970112,448
27413459507347456,449
435426587648,-450
2335523677065445376,-451
1953066357,452
4121129147529428992,-453
1634625397,-454
5290731622214139904,455
1701736306,-456
1634427243,457
35637046083584,458
4836973172114849792,459
7445983354224115712,460
1870226796,461
15539536968810496,-462
31361508134879232,463
7090206680243240960,-464
7089073083755003904,465
4857532871323156480,466
8728096427122622464,-467
7226432838030065664,-468
5149057246872731648,-469
8750037916094300160,-470
435492648192,471
8386094069742305280,472
7741527681723793408,473
1802464361,474
31367007018418176,-475
31075636537720832,-476
315301458688,477
478576451584,-478
2336369987486220288,-479
8319682832985227264,480
121381771673600,-481
7450486919491747840,482
133459353862144,483
7863365351176667136,-484
1768846447,485
28559166528290816,-486
8319028572027092992,-487
31075915375050752,488
7449358541388775424,-489
8388362362230407168,-490
5724756175057059840,491
1768846185,-492
139074364672,493
8099000902146326528,-494
20668934738935808,-495
119251400785920,496
20095913422749696,-497
8243102582550036480,498
121381839831040,499
7810759530878337024,500
27710310517309440,501
34451463384072192,502
435744238592,503
1702127984,504
1634886009,-505
125762572255232,506
7598537294043152384,-507
8223688806386106368,508
1634101609,509
125483734007808,-510
7450470461177069568,511
1634429216,-512
7310314614472835072,-513
7301214918802407424,514
118014512988160,515
114488282644480,-516
7730818404109516800,-517
7886762958615740416,-518
7521411913473851392,-519
27431034396082176,520
74119947223040,521
57313745567744,-522
32210332537585664,-523
1701733754,524
7730844689309368320,525
59512701452288,-526
1953852780,-527
1769172335,-528
3472328226699739136,-529
1768450426,530
112289259978752,-531
119182749007872,-532
8386109742077968384,-533
491260504320,534
9126381996736512,535
8238610205672210432,536
28273277734486016,-537
2333267530744856576,538
7730837916145942528,-539
31650977337573376,540
7163090793492643840,-541
7527050033007427584,-542
123580795715584,-543
8367811686748389376,544
9114300186624000,545
32770280292089856,546
7935458430234394624,547
8030037385368567808,548
435494151168,-549
7377311122128371712,-550
127858651037696,-551
28464635522842624,552
112568567005184,553
504481606400,554
1768778098,-555
32198534111428608,556
7959112202407903232,-557
9125325568999424,558
418363043328,559
31362973993795584,560
8824078294669328384,561
24046684908552192,562
33066116230152192,563
8031450992249667584,-564
121364520370176,-565
504481606912,566
120299507679232,-567
7286944494824456192,-568
28464609635598336,569
1651077664,-570
452740410368,571
7085678805460713472,572
8233460179107053568,-573
7442590123901845504,-574
32199719472070656,575
127961595052032,576
7301298601945202688,577
8531903605236563968,-578
30211772250062848,579
32208446895947776,580
8244242776108040192,-581
7809648989774544896,-582
1633839469,-583
7024046729137750016,584
107113823993856,-585
8317985187031941120,586
134575979102208,-587
28549272198709248,588
1953066089,-589
125779752255488,590
2320535920534618112,-591
118100350337024,592
7089055457209221120,-593
4044350564094443520,594
28558854421741568,-595
112602859110400,596
1970107756,597
6155976921709543424,598
31560800321667072,-599
8244248552839053312,-600
8029181939552354304,601
119165637230592,-602
1634167148,603
7311142233195937792,-604
108230510379008,605
1768382752,606
491395834112,607
121085486432256,-608
4855270042033455104,-609
2333267444845510656,-610
119182816182272,611
8530224990283366400,612
119199928418304,-613
32206110383407104,-614
110090303438848,-615
5989911083496767488,616
74102839574528,-617
452806932736,618
7953771874431795200,-619
7020105117391126528,-620
315167219712,621
120299435589632,622
27428732226502656,623
118100484882432,624
8387236775856177152,-625
1801809524,626
125797065883648,627
133476467408896,628
7310024326223233024,629
8307296748598984704,-630
4855280934070517760,631
1969387264,-632
123598152925184,633
32476691561447424,-634
134593017544704,635
1935761664,636
452890787840,637
107105444954112,638
1650553344,-639
474080608256,-640
1769108992,641
1852797440,642
521392029696,643
29366993505222656,-644
133356268290048,645
24051133957799936,-646
28562430166564864,-647
80403431948288,648
29955408319741952,-649
1701342208,-650
114827880038400,651
1801812480,652
1869441280,653
107075229188096,654
1684629248,655
1769108736,656
110404097277952,657
20095013811650560,658
366841298944,659
1768124160,-660
28826252827688960,661
2036952576,662
315301101568,663
27991680552534016,-664
504213602304,-665
341004386304,-666
1751218432,667
34184319018729472,668
32765863119552512,-669
1769235200,-670
33060566595534848,671
30224921812533248,-672
1634953216,-673
1717661184,-674
1701737728,675
108187608940544,-676
1701739008,677
129163088363520,678
32211795158499328,679
1969692672,680
444251373568,681
18976973694959616,682
1667852544,-683
31644082086346752,684
23478331349401600,685
1969778688,686
125797142626304,687
9130658089664512,-688
121450484727808,689
1634956544,-690
27436616159068160,-691
504161697792,692
33050533551931392,-693
20669070550499328,694
32221690763149312,695
9123111832125440,696
1767994368,-697
1885436160,-698
1801549312,699
118083398139904,-700
34192015600123904,-701
31370582863904768,-702
1769367296,703
126862378401792,-704
1970038528,705
120282538835968,706
1702454016,-707
31363882714923008,-708
28542673317003264,-709
91574809657344,710
20639246297595904,711
29678434468757504,712
20103784134868992,-713
123460646862848,-714
418346762240,715
32202913166131200,-716
134507453743104,717
1768780800,718
23469556731215872,719
1986097664,-720
341003927552,-721
435761774592,722
504480595968,723
110369452326912,724
113615306752000,725
121450551836672,-726
418279391232,727
115914540318720,728
1634755328,729
32784554817224704,-730
32784640716570624,731
478376689664,732
29120982073475072,733
435560120320,-734
30520660375633920,-735
34458097414045696,736
521324855296,737
1701672192,738
1768318208,-739
1634955008,-740
452841832448,741
32493201415733248,-742
1970299136,-743
27703745945010176,-744
2036932608,745
1852143872,-746
1717922560,-747
30736984993431552,-748
28542724856610816,-749
448311459840,-750
33333211119484928,-751
23492616410628096,752
435426230272,-753
31354910528241664,-754
9140605233922048,755
1852383232,756
91763788218368,757
508440674304,-758
27710308655038464,-759
128047621603328,760
35688711979008,-761
1935767808,762
30804420274946048,-763
31083670458597376,764
128047655157760,-765
32779143158431744,766
478711840768,767
478711644160,768
30510764770983936,-769
1768649984,-770
1768779776,-771
1768451072,772
32213908282408960,-773
28839537161535488,774
1702126080,-775
32489782621765632,776
418498150400,-777
418581250048,778
31072563673169920,-779
20674568108638208,780
1970631936,781
33046324483981312,-782
33334344990851072,783
1953063168,-784
1702456832,-785
9136198597476352,786
504481120256,787
20655842051227648,788
91762513149952,789
15541734297567232,-790
435526369280,791
31645495130587136,792
1936269312,-793
1701077248,-794
31082596716773376,795
118100578009088,796
30238120247033856,797
34460244897693696,798
435588956160,-799
32221604863803392,-800
448311590912,-801
28829645851852800,-802
34448115910049792,803
30519509324398592,804
1969383680,-805
1936028672,-806
452605378560,-807
24044536888033280,-808
24046735911288832,-809
367058288640,-810
29680633492013056,-811
1634279424,-812
1869115904,813
27426720554418176,-814
478509465600,-815
435762167808,-816
1633772288,-817
452606885888,-818
418313469952,-819
33051770502512640,-820
1701602304,-821
1953067776,-822
29117683538591744,-823
111190059515904,-824
27700468884963328,-825
1702064896,-826
1970433792,827
122511274541056,-828
478543413248,-829
125711377498112,830
1920278528,831
33058367572279296,-832
32208359184662528,833
32725078110109696,-834
23482583367024640,835
435426623488,-836
114801808244736,-837
29676235445501952,-838
23482634906632192,839
32201848014241792,-840
9132994551873536,-841
129112974819328,-842
109218686304256,-843
27421171456671744,-844
1970432256,-845
31090104319606784,-846
118066184716288,847
461263011840,-848
32770158086848512,-849
1769630720,-850
128022053126144,-851
1970957312,-852
1701013760,-853
30519560864006144,-854
341064024064,-855
417534574592,856
422718734336,857
503333257216,858
469963374592,-859
107168023969792,860
1953890304,-861
2053963776,862
1853423616,-863
1819082752,-864
1936850944,-865
112614042501120,-866
438623535104,-867
1651769344,-868
1953103872,-869
504356667392,870
1936916480,-871
122359323295744,-872
109298327748608,-873
1954086912,-874
1970208768,-875
35643933589504,-876
465601298432,-877
1801650176,-878
80788334837760,-879
1634009088,-880
111488761069568,-881
129141076656128,-882
112583977730048,-883
474409336832,-884
139234115584,-885
1634336768,-886
8241904395817345379,-961
5290357790029409536,987
7881701908361715712,991
6134010862998806784,-994
8295763972904067072,-995
5989920963556106496,-996
28556655070180193,-1001
7017845309232062464,1003
7810770214096543744,-1004
27424158093369632,-1013
8243030295724190976,-1014
7863418408676499456,-1019
7887331407829297408,1025
7809558831589780736,1027
7161125967915524096,-1030
5269319751907483648,1034
8821541358040935168,1037
7598171141260058624,1038
8439853872212500736,-1046
7719277949197033472,1049
7092165698396356608,1056
8746397713902206976,1057
20065126902865920,1065
35602752694650,1066
8747525847326261248,1068
35602752758881,-1069
114767455742240,1071
123598226943264,1073
106791936156960,1075
8386105242721058816,-1077
2333271844661559296,1078
28464609760207872,1083
35602752694560,1087
7956850229781725184,-1088
7953674019531784192,-1093
7935450713812631552,1094
7311986660096606208,1095
80403657090336,1104
27421959137402880,1105
28550058134937600,1106
7020066322916573184,1112
9042836433759744,1113
29680356188451840,1114
7953759502596046848,-1115
7953674019531522048,-1118
28546759465508864,1120
127961595535723,1132
2314958378988535808,1134
7863393119908986880,1135
108170520192105,-1138
28464575466774528,-1140
27424158228114432,-1149
5291276981750333440,-1150
20583276118895616,1151
111190083925248,-1154
115587862324329,-1160
133459153348986,-1162
7214874773567700992,-1168
107113823955315,-1171
9134147232595968,1172
7863405247664750592,1175
121085587431424,1176
9118711259856896,1177
7594595232952352768,1179
123563548568576,-1181
8388354980943233024,1185
123598042505216,1186
127961729802240,-1187
35637145726464,1188
35602819021312,-1189
28464575567429632,1190
7881711016755593216,1193
118066058456064,1194
2334391181850443776,1197
127682422333696,1198
117786951775232,1199
127682556403712,1200
31081412935286784,-1201
111189815813120,-1202
418414685216,-1204
8746397714079547392,1206
8079578029778534400,1211
118100484562944,-1212
9125162301063168,-1213
8316297386955636736,1214
139140688250,1218
125483398995968,1219
106791701782528,-1222
139207600484,1223
461330213152,1224
7954799919632482304,-1226
7946918636172607488,-1227
35323445911552,-1230
7309467975034077184,1231
139140622707,1232
33058056009809920,1234
9117585978753024,1235
9117585911185408,1236
7739753036133695488,-1237
9115404129533952,1238
20091515283308544,-1240
108187749806592,1242
315301847406,1244
28817239661871104,1245
27426357116928000,1247
7884783839648677888,-1249
2338619869211131904,1250
9114373342494720,1251
139073578085,1252
118886665297920,1253
30509667028172800,-1255
31356011741577216,1256
2333280361775104000,-1258
30787916485165056,1259
7233182638595375104,-1260
7600422923953766400,-1262
134279492476928,-1264
7235435361927692288,-1265
139140691049,1267
139308725280,1268
9130762804199424,1269
7791335524639178752,-1270
119182749099264,-1274
133459454533632,1275
127961779501312,-1276
7959102029593313280,-1278
108170386240256,-1280
35637296701440,1282
315301325163,1283
110386723187968,1285
8245080605931339776,-1288
6155968930738339840,-1290
119182749165824,1291
80403556737024,1292
108170687094784,-1294
9132979140755456,-1296
35602752741376,-1298
7162256265794551808,-1300
114664510980096,1306
1634104436,1307
1969780084,1308
9135178240753664,1309
1969319524,1310
2340030592407568384,1311
8819581223392247808,1312
4850221033099100160,1313
1650555233,-1314
7593474008637505536,-1315
106791713112064,1316
2314924326719062016,1317
1634561902,1318
2333256346650017792,-1319
139139965184,1320
7885642835439910912,-1321
27428852485586944,1322
1970566521,1323
1702454383,-1324
7442607716087889920,-1325
1768187252,1326
7089074045827678208,1327
30792297209659392,1328
8386110875949334528,1329
32198516747010048,-1330
7809638054787809280,-1331
7597127720136343552,1332
8818450805179809792,1333
7019824793465651200,-1334
118066058035200,1335
115922802311168,1336
1835101817,-1337
33066117505220608,1338
1701733493,1339
366991731456,1340
35637045624832,1341
139408711680,1342
1702459680,1343
127858650185728,1344
35323680587776,1345
8391741440635437056,1346
27417839098920960,-1347
8750342777167937536,1348
8746402196213465088,1349
7737581220959092736,1350
8097872665777274880,-1351
8387233477321293824,1352
118066057969664,1353
9127464395603968,-1354
32206212237885440,1355
114767450603520,1356
1651075188,1357
29392563257475072,-1358
7811883214582054912,1359
8379354239557697536,-1360
7815274177161592832,1361
1769366905,1362
1768645987,-1363
7090183590499057664,1364
1634558578,1365
7089038964534804480,1366
8391367503602778112,-1367
8388343949705609216,-1368
1952540770,-1369
8461542836813168640,-1370
31279325160407040,-1371
1870034288,-1372
108187560706048,-1373
7308052884694761472,1374
139072905216,1375
139072729856,1376
9135245651607552,-1378
35602618843136,-1379
7162249963450138624,-1380
6004826989519699968,1381
118152208384000,-1382
9114304548700160,1383
1634427236,1384
9122785951481856,1385
341004066816,-1386
2335238590021238784,1387
8028617550784888832,-1388
1702459769,1389
2324808944842702848,1390
7734211217819959296,-1391
1768976481,1392
139207928064,1393
1634232698,1394
32770280275312640,1395
8028629941765537792,-1396
32210667343708160,1397
119062557163520,1398
9126364951085056,1399
1634100833,1400
9127361500938240,-1401
9135161245433856,1402
134575906881536,-1403
5726644002162212864,-1404
35637045362688,-1405
139207385088,1406
139408927744,-1407
8079568185176621056,-1408
7863345559967367168,-1409
6159354621430071296,1410
123563547951104,1411
452790414848,-1412
7020375623021363200,-1413
27422272797016064,-1414
7741525534240145408,1415
448378725632,1416
8030037299469221888,-1417
110403903488000,1418
1768644967,1419
3900238674553470976,-1420
1634099559,1421
1635412345,1422
9119802224279552,1423
7737585795099262976,1424
1769366892,1425
8750038268281618432,-1426
34179837019029504,1427
5291277014341255168,1428
2334381284484186112,1429
114767639412736,1430
474080898048,1431
418296459776,1432
127996155461632,-1433
8079575795858669568,-1434
8462946999061184512,1435
110369543356416,1436
7307220571572404224,1437
1701601568,-1438
121364659699712,-1439
9126382063845376,1440
452807192064,-1441
7442614313157656576,-1442
418564369664,-1443
8223696498672533504,1444
7163101002629906432,-1445
2337479716841193472,1446
452807172096,-1447
2337205895496204288,-1448
1635019123,-1449
30237005501693952,1450
452740277504,1451
1969384448,-1452
33347504770646016,-1453
31092406422077440,-1454
73805254885376,1455
1851877120,1456
341272821760,1457
29114385003708416,-1458
1702062080,1459
452841570304,-1460
1702521856,1461
115867027243008,1462
134576156442624,1463
29380466817630208,-1464
27422322507907072,-1465
1634956032,-1466
315166687232,-1467
1634431488,1468
315301953536,1469
366707212288,1470
1986623744,-1471
1634886400,-1472
34448133089918976,1473
1634558720,1474
1702129408,-1475
452605837312,-1476
115738111115264,1477
1667851520,-1478
1969386240,-1479
9128459066408960,-1480
358116360192,1481
125848766119936,-1482
32744912269082624,1483
34186380603031552,1484
23480410113572864,1485
123512236802048,1486
23478352824238080,1487
108256278085632,-1488
418308423680,-1489
119165612457984,-1490
110369401995264,1491
30232648458698752,-1492
1852403200,1493
478510186496,-1494
1667593728,1495
29674036422246400,-1496
23469492306706432,-1497
30799833249873920,-1498
111542246834176,-1499
30514063305867264,-1500
439720411136,1501
31351839626625024,-1502
1701343744,1503
30792329942007808,-1504
1768843008,-1505
1702458624,-1506
418246557696,-1507
1635328000,-1508
35688829419520,-1509
108230642499584,-1510
27426669014810624,-1511
1818848512,-1512
9134094063501312,-1513
27429967549693952,-1514
27710325834907648,-1515
469853143040,-1516
23470591818334208,1517
33052921553747968,1518
418363539456,-1519
30243583445434368,-1520
1768120576,-1521
124382252892160,-1522
461222445056,-1523
1650655232,-1524
1835270144,1525
110470853820416,-1526
116964844371968,-1527
1713373184,-1528
1768226816,-1529
1864368128,-1530
1700855808,-1531
35661113458688,-1532
109165183762432,-1533
126877628891136,-1534
1701838848,-1535
6998711947373145376,1550
7882834405271412736,1561
6998708588523626496,-1563
7286938964675338240,-1564
7809558865949564928,1566
6998708588523954176,1575
6998727280270863872,-1577
7305794210407063552,1582
7021710371776654592,1583
7454992440671207424,1589
128782269969696,1590
108187884023328,1592
35499673544992,1594
28547859111157760,1596
32450025744048128,-1598
7946918620257386496,-1600
7594024586755178496,-1603
119986176549152,1605
35637296458601,1606
117787153293600,1608
28547859044066560,-1609
31073437320683520,1610
117786952231712,1616
134279827710240,1620
7233098078054514688,-1626
8100131988041629696,-1629
35688819026944,-1631
78569806913792,-1635
80403422715904,-1638
118152226238208,-1640
119165502169088,-1643
9117603158622208,1644
118886329294848,-1647
121398885245696,1650
121399203687168,-1653
33320839283736576,-1654
27338675493797888,-1656
111189983388928,-1657
9127481582682112,1659
8390880245820948480,-1660
35620116590080,1661
7597045224350679040,-1662
9125162300145664,-1663
5291765199198486528,1664
315167107437,1665
127961778971648,1666
9125162300473344,-1667
7810776811494703104,-1668
7719297723092004096,-1669
127961778973952,1670
35602819017728,-1671
5290639264999014400,1672
139208127593,1673
8315173372589768704,-1674
119182749081600,-1676
120299557840640,1677
27426533344673792,-1680
27428835631366144,1681
7741527735209558016,1682
418413900649,-1683
7881714177851523072,-1684
133459337617408,1685
1818848097,-1686
1701733217,1687
27428835607707648,1688
32776859863220224,1689
30522859935760384,-1690
1635150697,1691
1952805493,-1692
29590479628664832,1693
8247625187407691776,1694
35499673452544,1695
123563548540928,1696
9128579862364160,1697
452740740096,1698
418246452480,1699
18894424960401408,-1700
13546401493417984,-1701
27431034647740416,1702
1986620521,1703
1870029921,1704
6158221110841180160,1705
1969780066,1706
7450471526328958976,-1707
7377305684699774976,1708
7809636895146639360,1709
7308334256592257024,-1710
6010453242058637312,1711
139140686336,1712
8748657243022426112,1713
1768842357,-1714
418245799680,1715
452806930944,1716
133545388146688,1717
418548511232,1718
504145732096,1719
1634888556,1720
118066174820352,1721
1768317289,1722
27411277546520576,1723
139409845504,1724
7229806088164474880,1725
139408924928,-1726
1969381730,-1727
57314008629248,-1728
1634558572,-1729
35688512749568,-1730
1702455667,-1731
7306653240752340992,1732
32216057460555776,1733
4855282136661360640,1734
1701603691,1735
5722795711464996864,1736
118151890206720,-1737
474215506176,1738
7730835893216346112,1739
6134020756834615296,-1740
34165482919559168,1741
7738683245142736896,1742
110403836313600,1743
7883940808619982848,1744
133476395253760,-1745
8314034590213734400,1746
1802071148,1747
1701996576,1748
7377305624570232832,-1749
7881687892114800640,1750
1769366894,1751
127858650513408,1752
8530224827074609152,1753
8746393400120442880,-1754
1701602592,-1755
35602686148608,1756
8241996753025368064,1757
133476651433984,-1758
7018985814554050560,1759
2333265142743040000,1760
1701999209,1761
1635346785,1762
418246456320,1763
7286947776179470336,1764
29680669797908480,1765
139207730176,1766
478576471552,-1767
9127464580153344,-1768
418430153728,1769
1768649825,1770
2339995399445544960,-1771
452924108288,-1772
35499582423040,-1773
470021177344,1774
20095125480800256,1775
32765923249094656,-1776
9098892511543296,1777
9132857112920064,-1778
110455485890560,1779
118066016944128,-1780
30506431148982272,1781
1769170944,1782
23470608998203392,1783
1885695232,-1784
27986320433348608,-1785
452785602560,1786
107101166764032,1787
134557567287296,-1788
127961688702976,1789
31366244946935808,1790
30518358273163264,-1791
418430386176,-1792
133459347505152,-1793
1801544704,1794
1701340416,-1795
1835103232,-1796
109217260240896,1797
1937077248,-1798
32776892595568640,-1799
121381731696640,-1800
33062731259052032,-1801
123649759641600,1802
31640023342252032,-1803
23482772345585664,1804
28541573805375488,-1805
27381640577679360,-1806
29628990805245952,1807
1835627520,-1808
29682849695137792,-1809
504481710080,1810
31362920642248704,-1811
108170563289088,1812
315243888640,-1813
339839287296,-1814
80680960655360,-1815
453018386432,-1816
122548301856768,-1817
107155139067904,-1818
109354162323456,-1819
109285442846720,-1820
1869479936,-1821
1895825408,-1822
7019820032115548160,1831
7935476002714427392,-1834
7286957656422575616,-1836
7523618459182170112,-1848
28550058000409856,1850
111189815353705,1851
121085352894752,1854
121085352241440,1856
7882824509930078208,-1857
108170386238561,-1859
8386105242721320960,1860
108170520193402,1863
23481588564099072,-1864
435560802670,-1865
118066157548032,1866
9127524460134400,1867
7953674019725639680,-1868
127961778975488,1869
127961595538176,1870
315485680244,1871
114767589941248,1872
139409384545,1873
112568567078912,-1875
114767589895168,-1876
7214900062327930880,-1877
32215830103326720,1878
7162166385332715520,-1880
5724765986708520960,1889
139140622700,1890
9113991023820800,-1892
32207312842129408,-1895
8386101944178966528,-1898
9125265374445568,1900
119165637193472,1903
9127361484161024,-1904
7959393694564483072,1905
1835363169,1906
435426586624,1907
418565680640,1908
5723630240790478848,1909
1634427239,1910
1634890863,-1911
35637381365760,1912
9130797223116800,1913
8386103041928986624,-1914
30787873460453376,1915
24051082955063296,1916
418380604672,-1917
114853685493760,1918
1969381744,-1919
139140692224,1920
1768317288,1921
9135161094438912,1922
1634232417,1923
123563549065216,1924
7741534244433821696,-1925
1701210482,-1926
1702259553,1927
9118608105930752,1928
1701996660,1929
7953771771352580096,1930
1835101806,-1931
31650994634883072,1932
108187700297728,1933
7881688991626428416,1934
1953067624,-1935
1969381746,-1936
139408929536,-1937
6008216732328525824,1938
1768647026,1939
7953759676724674560,1940
2333265305951797248,1941
452673234176,1942
139073974016,1943
418548120064,1944
20103888841474048,-1945
123563548737536,1946
1936026400,1947
2337204881883922432,-1948
1633839481,-1949
119182816444416,1950
2329312544470073344,1951
111520594919424,1952
8530224964513562624,-1953
8391741526534782976,1954
1769103648,-1955
139392188416,1956
478376493056,-1957
1936286976,-1958
31351951295774720,-1959
23481483855396864,-1960
91677771431936,-1961
508440608768,-1962
30808732422111232,-1963
125848699011072,-1964
32484388142841856,-1965
121450585391104,1966
120213634809856,1967
28843905143275520,-1968
125848598347776,-1969
127961604816896,1970
118100561231872,1971
20681130818666496,-1972
435559792640,-1973
482805415936,1974
366774190080,1975
32179720342732800,-1976
1734437888,1977
452924801024,-1978
30235972763385856,1979
30507466236100608,1980
2314983667621781792,-1984
8439879160845656352,-1985
7161125968183981312,-1987
2336630925558808576,1994
118066124384544,1998
31365173175263232,1999
35602752627058,-2000
35602752629104,2003
133459152759154,-2004
127961778974308,2005
2314961720468045824,2007
2314983667756040192,-2008
2314968333490847744,-2012
9115369775235072,-2013
8531260706161426432,2016
9125162295230464,2019
30479701237563392,-2021
120213792451328,2022
115587794761216,2023
7021795032940150784,2024
114664510680064,2027
35602618805248,-2028
118083305021440,2030
108170520109056,-2032
29674858394812416,-2033
120299675282944,2035
8244238380024463360,-2037
27700487767261184,2040
133180047910144,2041
8238609106160582656,2045
1701735285,2046
7809641379092496384,2047
35619932733440,-2048
7161138374374326272,2049
9081319266975744,2050
8031444674352775168,-2051
28547054720516096,2052
122185199779840,-2053
139207668736,2054
7228074357350727680,2055
1802072677,-2056
7739843229910040576,2057
32197450504601600,2058
1634429793,2059
8388356044333514752,-2060
120162063745024,2061
29388985700712448,-2062
9132962020851712,-2063
1702454632,-2064
118065990860800,2065
7022363479914840064,-2066
315301454592,2067
139392000000,2068
1634497637,2069
1634230640,2070
28539375318990848,2071
1769366899,2072
8295748474893238272,-2073
7959387166214193152,2074
1635017062,2075
7445976671255003136,2076
8029483145608822784,-2077
2334391162908966912,2078
1702259564,2079
7521403254819782656,-2080
118100393459712,2081
113753903333376,2082
22357920410763264,2083
1835103744,-2084
1634230784,2085
1969972480,-2086
418246492160,2087
9117567029346304,-2088
134618921566208,2089
28257865445670912,-2090
1868980736,2091
1702259712,2092
133475235528704,-2093
111571992838144,2094
35637004599296,2095
9117463950131200,2096
1685389312,2097
122535416954880,-2098
7738712620125790208,-2101
121085688575264,2105
30997850190799872,2106
8750331487663947776,-2108
7810770214427033600,-2109
108230833414144,2113
8390045716495466496,-2114
35602936984064,-2117
32770262795550720,-2120
8295738682904674304,-2121
9114343277723648,2122
32198516888436736,-2123
120213810053120,2124
33050638325645312,2125
418246325248,2126
115888437067776,2127
7953756481269006336,2128
5291286892766035968,2129
7809631397588500480,2130
8531333237874622464,-2131
118083170467840,2132
122520005836800,2133
1769108069,2134
139073187840,2135
1801809250,2136
2334391145729097728,-2137
7235424678481756160,2138
8390877224496005120,-2139
8308938267919646720,2140
29402179504701440,2141
1633839392,-2142
1702257010,2143
5149139534151155712,-2144
1701341554,2145
418381391104,-2146
9123137601929216,2147
448306085888,-2148
29399055436087296,-2149
28821987925164032,-2150
478509531136,-2151
20674533748899840,-2152
418480586752,2153
30245799648559104,-2154
1969322240,2155
2036690432,-2156
119165897670656,-2157
28273258608459776,-2158
1931476992,-2159
111501645971456,-2160
126946348367872,-2161
28556968736980992,-2172
127961913715456,-2175
113388771155968,-2176
8386092151653531648,2177
9117603157835776,2178
9128581278269440,2179
452924371488,-2182
9127481510461440,2183
7020106268442361856,-2185
1634562165,2186
108170553589760,-2187
9123120958930944,2188
35619860381696,2189
1769105779,2190
1936685344,2191
7233181640401354752,2192
120213810577408,2193
7377288092513730560,2194
8746380120081563648,2195
32776860047769600,2196
118083354689536,2197
32207209895034880,-2198
2336912398906032128,-2199
121399069442048,2200
435593243648,2201
418413898752,-2202
107144022917120,2203
2333254250705977344,-2204
32201815281893376,2205
1634625914,-2206
418380603648,2207
8098997603611443200,2208
34165571486482432,2209
1634233600,2210
1969387776,-2211
130195189137408,2212
30509699619094528,2213
9081343275171840,2214
30247998671814656,2215
27423370479927296,-2216
1970499328,2217
31070416189521920,2218
9128648044969984,-2219
32493184235864064,-2220
1633969408,-2221
31095704956960768,-2222
126757369806848,-2223
132358007160832,-2224
9114313078694176,2228
8247616079483764736,2230
133459154135411,2232
7809656585045540864,2236
418380539168,2237
35637094870528,2239
9135160844877824,2240
418247174510,2241
139140686188,2242
127961778954240,2243
110318188851712,-2245
7020667019372527616,2246
8746391012118626304,-2247
435560932608,-2248
1969976692,-2249
30997848958959616,-2250
1701735265,2251
139073822720,2252
139208125184,2253
123460604002304,2254
27417840357212160,2255
93924046536704,2256
6155124856032591872,2257
1768843629,-2258
1634890866,-2259
107174020644864,2260
22366682144047104,2261
27423284580581376,-2262
1634629120,2263
504146100224,-2264
1667592960,2265
1767990272,-2266
30809831933739008,-2267
35499532091392,-2268
119165662789632,-2269
27423422019534848,-2270
1969386752,-2271
108065672134656,-2272
7935450731310817280,2276
9128598139988224,2279
108170385189120,-2282
30787916533923840,2284
452924630881,2285
139072921966,2286
7809558865875304448,2287
7737593611939741696,2290
7310314580113096704,2291
35602786353152,2292
5722785833040216064,2293
108170452926464,-2294
112568566546432,-2295
7023763244116344832,2296
7743216583123664896,2297
139073583616,2298
8097874864800530432,2299
7953766273794441216,-2300
7021802763344412672,-2301
452740343040,2302
1702262272,2303
2053205248,2304
9134059703762944,-2305
29383765352513536,-2306
31373881398788096,-2307
31096821648457728,2308
1633951744,-2309
27394645738651648,-2310
110403778510848,2311
108119124344832,2312
32771257598476288,2313
508575219712,2314
29688330073407488,-2315
1768103936,-2316
106966160506880,-2317
469778825216,-2318
131258495533056,-2319
7091324572001107968,-2324
108170386238208,-2328
29676271574056960,2332
119182749164800,2333
504313245216,2335
1634230635,2336
7523652821250473984,-2337
1768317292,2338
1634427257,2339
1769103738,2340
7233170645285076992,2341
110386723094528,2342
139073578752,2343
123460603609088,2344
119182748418048,2345
9128581019992064,2346
29680668388622336,2347
1634885986,2348
1701732729,2349
2338894831255814144,-2350
29947887832006656,-2351
20658041074483200,-2352
29365108014579712,2353
20668933111545856,2354
119165830561792,-2355
127979053121536,2356
1701343232,-2357
120282354286592,-2359
123563860295680,-2360
29393746856509440,-2361
108230692831232,2362
1701773312,-2363
109302622715904,-2364
2314958378988626176,-2367
28464575400406272,2371
27424158160658432,2372
108187700043776,-2374
9114313213345792,2375
9125265380278272,2377
7741527733800271872,2378
125659626864640,2380
7885928708463132672,-2381
1869771884,2382
9119802173947904,2383
2335525876088700928,2384
139207930624,2385
1701667187,2386
435426323456,2387
7882834717102309376,-2388
7237122290075303936,2389
7233183736345395200,2390
1970430316,2391
87322741702656,2392
118066084052992,2393
23477188888100864,2394
1701213184,2395
30226008439259136,2396
29388163399024640,-2397
1667330816,2398
108187759935488,-2399
1936654336,-2400
2334390868191084544,2402
139140691061,2406
9115404068257792,2409
35602753087744,2410
1835363173,2411
7741529932286656512,2412
1702455652,-2413
435442250496,2414
1970430329,2415
8390042781069869056,2416
119165502029824,-2417
7594876985474547712,-2418
120299507744768,2419
31358548365541376,-2420
118126347812864,-2421
418245902336,-2422
315167014912,-2423
35551138807808,2424
139206918144,2425
1969383936,-2426
504380194816,2427
1970168576,2428
1835627008,2429
366783496192,2430
93926639796224,-2431
125762705563648,2436
7020375564653428736,-2437
139409126766,2438
119165502122240,2439
139073186913,2440
18965967457484800,2443
139408991520,2445
30787916484444160,2446
8820700543409192960,2447
7882824804317790208,2448
139207599360,2449
108170419175424,-2450
139140621312,2451
9117653465563136,2452
122185194668032,-2453
139073512448,2454
1634562145,2455
7595146438837796864,2456
1953069409,-2457
7737539615610896384,2458
22364569020137472,2459
120213769027584,2460
20677832283783168,-2461
108187750070639,-2463
2333265281809383424,2464
2333543144852815872,2465
9125265379557376,2467
28556968731869184,-2468
27691648791281664,2469
35602936982784,-2470
78380810726912,-2471
2334391180625707008,2473
8317992884150206464,2474
119182749492480,2476
110403903029248,2477
127961644990464,2478
1701996649,2479
1634427251,2480
108187699970048,-2481
127995954921472,2482
139073842176,2483
418413896704,-2484
9125351338803200,-2485
1870030190,2486
435560543232,-2487
452802379776,-2488
1735750656,-2489
1768908544,2490
31356323572482048,-2491
29676271568945152,2496
2338623240961785856,2497
9114343278510080,-2498
35602753003520,-2499
9117603083583488,2501
367025024256,-2502
7738718429514825728,2503
1802464373,2504
7235433474574778368,2505
1801808640,2506
35551407243264,2507
31650992688726016,-2508
1635345408,-2509
429496729600,-2510
28550058067501056,2511
7091324572006612992,2512
7881699885425098752,-2514
7881706585624412160,2515
35637113192448,2518
8241986943320064000,2519
9042836292894720,2520
1852402543,2521
1936026724,-2522
1768317216,2523
31351891166232576,-2524
28547122903121920,2525
31077013259288576,-2526
28844901575688192,-2527
315301560320,2528
35602753020928,-2534
120351248678912,2535
32208447013388288,2536
33051736679645184,2537
108187582005248,-2538
7083999851205099520,2539
7090192352232341504,-2540
1801809440,2541
29665240866095104,-2542
9128563907231744,-2543
1702456576,-2544
35499850858496,-2545
22360033534672896,2546
1634624256,-2547
9117603157901312,2551
139207795059,2552
7881691190649683968,-2553
29676271499739136,2554
133476467343360,2555
9125264147611648,2556
129134255931392,2557
108170385227776,-2558
30244682957062144,-2559
30788889673203712,2560
478510120960,2561
109330019909632,2562
27411327391629312,-2563
1869310976,2564
1746927616,-2565
1948254208,-2566
7953766378501046272,2567
9125351463911424,-2568
30153425327030272,-2570
139140555116,2571
35602753482496,2572
139208584960,2574
30236885058060288,-2575
2336080029949100032,2576
27411242029154304,2577
2333550066578489344,2578
27691616957366272,-2579
9125212071133184,-2580
504446910464,2581
9081300325498880,2582
139207664928,2583
35602618544896,-2584
139072793600,2585
418247173376,-2586
1634888480,2587
123623745781760,2588
35602752274432,2589
35637229977600,2590
7810770525994614784,2591
418447163392,2592
28554733585170432,-2593
139099897856,-2594
35619933351794,-2595
9125265379819520,-2598
2336630907286323200,2599
2334382383995813888,2600
125762706604032,2601
367007956992,2602
35620026056704,2603
112652697206784,-2604
28549272316149760,2606
8388362641403281408,-2607
108170520297472,-2608
9135161161547776,2609
119182816575488,2610
4856405871904686080,2611
30792297276768256,2612
418414592000,2613
435442483200,2614
1634231552,2615
139308261664,2616
35602753022976,-2618
35619865034752,2619
35602752864256,2620
7235432375063150592,2621
120351249530880,2622
1701210476,-2623
8465197613463896064,2624
9114289969299456,2625
29111086468825088,-2626
108229417762816,2627
8241986857957588992,2629
418247174512,2630
107113823953152,-2631
108170586947584,-2632
125848538447872,2634
123598085816320,-2635
33324415026462720,-2636
478711382016,2637
130107444297728,2638
315394883584,-2639
1835991040,-2640
1768776050,2643
8387231278298038272,-2644
119182816247808,2645
35619841507328,2646
452605771776,2647
1870034176,2648
1802072576,2649
121450417618944,2650
113666846359552,-2651
31082545177165824,2652
139207665952,2655
139073709312,2656
9117603201024000,2657
1702459648,-2658
108203111088128,-2659
7791345344094142464,-2661
7286932367605628928,-2662
7809644488648818688,2663
8750330751259508736,2664
93949876240384,2665
1870031872,2666
31648759305732096,-2667
1702454784,-2668
30517258761535488,2669
32476764575891456,-2670
123579630878720,-2671
109268262977536,-2672
35637112431616,-2675
435426190592,2676
123598075920384,2677
123563548606464,2678
7238817822904680448,2679
2334672620705808384,2680
8746393314221096960,2681
120299508596736,2682
8319677335427088384,2683
1919483904,-2684
2333271843428892672,-2685
7737595879682473984,2687
133459448168448,-2688
35499699863552,-2689
35602785435648,2691
139409843200,2692
4856406971416313856,2693
139140687616,2694
521392291840,2695
7237081696014590976,-2696
367042297856,2697
478694146048,-2698
108170386235755,-2699
139140950388,2700
125659627257856,2701
504448249344,2702
9129706234314752,2703
435493928960,-2704
1634888192,2705
35499834081280,-2706
1870029056,2707
9140658408481024,2708
1702455668,-2710
7881702185765961728,-2711
118100417708032,2712
127961595248640,2713
2335517079995678720,2714
32199614631247872,-2715
6155968126153392128,2717
9117603152789504,2718
24044487311360000,2719
118126213595136,-2720
30532755003539456,-2721
7089025667316056064,2722
114801992794112,-2723
452740644864,2724
8030589254306365440,-2726
123581046784000,2727
27710370747514880,2728
478593248000,2729
139073380640,2730
119165636469504,2731
1970430308,2732
35688517861376,-2733
115922802245632,2734
1970631168,2735
118126439394560,-2737
7022363565814185984,2738
7882827020520914944,2739
1969387008,-2740
1701210880,2741
114827896815616,2742
28539342183989248,-2743
9127361316388864,-2744
30519646763352064,2745
35637111816192,2746
504481456128,2747
1953431552,-2748
9121966844608512,2749
127995955249152,2750
32206247822360576,2751
1969976686,-2752
7017279338148003840,-2753
9135245114736640,2754
121363427753984,-2755
9127496993734656,-2756
2335519279555805184,2757
491328726121,-2758
119182816321536,-2759
315301456896,2761
139208124786,2762
8244239791105769472,2763
452924106752,2764
2333273938836062208,2765
435710918656,2766
35619932610560,-2767
118066124292096,2768
120162068791296,2769
139208125440,2770
32476781755760640,-2771
31082459277819904,2772
9130762803412992,2774
2336912368841261056,2775
109330346344448,2776
315495546880,-2777
478620418048,-2778
115865332744192,-2779
9115369775195392,-2780
35620100078080,2781
1970430323,2782
139208125696,2783
107100931883008,2784
23482720805978112,2785
108170520191744,-2786
1970564193,2787
435560931584,-2788
7091327082591944704,2789
9132978999394304,2792
118083304161280,2793
30997850190802176,2794
9115369803350016,-2795
1634628705,2796
31070433369391104,2797
121398885248000,2798
119182817062656,2799
139140950372,2800
35602752733184,2801
139409383712,2803
9119802106839040,2804
33058333212540928,-2805
1969381747,-2806
33047423995609088,2807
1700949504,2808
493921239040,-2809
9135195437400064,2810
31069316677894144,2811
125762907930624,2814
2333258683112226816,2815
35619865296896,2816
9119766589472768,-2818
35620109942784,-2819
9135161127993344,2822
22354535976534016,2823
139308266784,2825
108170520915712,-2826
435593771361,2827
139074299252,2828
452673282048,2829
32497582282375168,-2830
1953628160,-2831
1768320800,2832
121399203397632,2833
9121966820687872,2836
119182748483584,2837
8247344777582870528,2838
29103480081743872,2839
1634886000,2840
9117601925955584,2841
32497601156743168,-2842
139140164608,2843
108170385948672,-2844
127961655148544,2845
120162069643264,2846
125659626930176,2847
435493797888,-2848
32759266586656768,-2849
23486002160992256,2850
35602786181376,2852
20666735851995136,2853
1768518260,-2854
442381631488,-2855
9120901618466816,2858
108230810271744,-2859
119062557256058,-2860
139207734117,2861
1634429298,2863
1634628469,-2864
7306645569940750336,2866
7377292464790437888,2867
108170385883136,-2868
31364020153876480,-2870
1869374830,2871
31069391453945856,2872
1634099563,2873
35636973142016,-2874
8746402110314119168,2875
139073495040,2876
120282303954944,2877
139267670016,-2878
1634951456,-2879
127978842095616,-2880
120282220068864,-2881
139308965888,2882
9119767814209536,2883
1635347456,-2884
30787916479332352,2885
139140931584,2886
7093839488136249344,2887
7023755463397212160,-2888
35619992502272,-2889
9135178056204288,-2890
9121965075857408,-2891
2329321349153030144,2892
31365173017051136,2893
35637112864768,2894
32771395037429760,2895
139140145152,2897
35602936954880,2898
35499673387008,2899
35637162475520,2900
418247174400,-2901
133459213287424,-2902
112463718645760,-2903
1634213888,2905
117963088723968,2906
1768321536,2907
1802074465,-2908
35602752626944,2909
7310596089449545728,2910
119165637192704,-2911
35619865362432,2912
7881714179076259840,2913
7021795118302625792,-2914
119182749212672,2915
1634232692,2916
118064892870656,-2917
133459152756992,-2919
6008193745663557632,-2920
9117489719934976,2921
4855292118165356544,2922
1768844288,-2923
120213658206208,2925
30519595223744512,2926
31369570879012864,-2928
118126280704000,-2929
1701671680,2930
127961755811840,2931
478693883904,-2932
1701736192,2933
9135160850259968,2934
139140163840,2936
35637112432896,2938
30243600625303552,2940
5725871101322461184,2941
28258995022069760,2942
133459154133280,-2943
119183000535040,2944
31322290251628544,2945
366707343360,2946
139208123648,2948
315302178560,2949
119062552117248,-2950
108170586423296,-2951
28838441944875008,2952
35618700656640,2953
9126363122368512,-2954
29384916403748864,2955
315227111424,-2957
1634757473,2958
7094696037759057920,2959
1701209600,2960
315411660800,-2961
127961779470336,2962
9114343270514688,2963
1634296421,2964
33321146556350464,2965
1801810944,-2967
117961813655552,2968
133459471826944,-2969
9127550160732160,-2970
1769105774,2971
35499716640768,-2973
1701996902,2974
1700947307,2975
35619932864512,-2976
1667760128,-2977
2334397777158602752,2978
29675136470745088,2980
491327939072,2982
107161061425152,2983
30787899237859328,2984
28554769572298752,2985
32496482770747392,-2986
7308062780299411456,2987
2333256451490840576,-2988
107174015533056,2989
7021788435333513216,2992
115922796806144,2993
9130761705750528,-2994
1634232691,2995
9120927321161728,2996
5727023333673795584,2997
7091318286498922496,2998
121450760634368,2999
27417735482834944,-3000
7089072946316050432,3001
35637296459296,3002
120263916126208,-3003
341248573440,-3004
33006742065381376,3005
7309461359089942528,-3007
435527417856,3008
2337487370472914944,-3009
9115369774776320,-3010
1633838336,-3011
139073580137,3012
139308851456,3013
2336089966178598912,3014
2333276326837878784,-3015
24045584860053504,3016
9113989858459648,3017
118083337650176,3018
31081428485668864,3019
139141406976,-3020
139140688896,3021
119165631332352,-3022
29685031538524160,-3023
119181584367616,-3024
9135178140090368,3025
8391732730441760768,3026
435502972928,3027
1835102720,-3028
118152225751040,-3029
133459152928768,-3030
139308244992,3031
1633970547,-3032
139409126688,3034
8242002147504291840,3035
452957925888,3036
1969946624,3037
139073253888,3038
1969381753,-3039
8029181879422812160,-3040
107125074296832,-3041
418246453614,-3042
28562464526303232,3043
9098909691412480,3044
7445983337044246528,3045
108230732742656,-3046
24016997557731328,3047
315301437440,3048
315300970496,3049
7451597460595539968,3052
108170520193390,-3053
6157101722104758272,3054
108187749777408,-3055
108170520559616,-3056
20665634576662528,3057
27421034017718272,3058
18979121178607616,3059
120282471727104,3060
2036691456,3061
435828097024,3062
1701995878,3063
35602785959936,3064
120351096897536,3065
1634235136,3066
121450760241152,3067
452699619328,3068
119165636444160,-3069
8238624499323371520,3070
8531350864420405248,3071
32765897479290880,3073
478544199680,3074
35602781175808,3075
1970301029,3076
2324808974907473920,3077
30787841701183488,3078
1970892658,3080
119164404498432,-3081
108170704388096,-3082
127961778975232,3083
9098875331674112,3084
127978775379968,3085
122515905052672,3086
108187877376000,-3087
1868984178,3088
9125280790609920,-3089
1701537138,3090
120213793472512,3091
1801809507,3093
2334398842310492160,-3094
474080149504,3095
9132908652527616,3096
367025025536,3097
35619975725056,3098
2336079995589361664,-3099
139207442432,3100
7450435276804980736,3101
1702457856,-3102
126896620699648,-3104
418380447744,3105
127978835017728,3106
31354090189488128,-3107
452907858432,3108
30237003555536896,3109
1702455666,-3110
32207328392511488,3111
127979120230400,3112
1701733746,3115
127978942589952,3116
2337205981395550208,3118
9125349510086656,3119
28556966968164352,3121
1918959616,-3122
123563543625728,3123
139409124352,3124
1768186981,3126
9130778348748800,3127
2333274059095146496,3128
504145641472,-3129
133459153715200,-3130
119200039305216,-3131
9125186301329408,3132
133459153190912,-3133
35637107359744,3134
1634232686,3135
114825950658560,3136
9140673953398784,3138
133459148275712,-3139
9115428135632896,3140
35619925393408,3141
139073581824,3142
139073880064,3143
24046753091158016,3145
1701996897,3146
9114313078669312,3147
491328700416,3148
1634888553,3150
35637112471552,3151
139140492288,3152
27411241492283392,-3153
35636971044864,3154
7021802625905459200,3155
8314056546086551552,3156
35637172371456,-3157
120212376518656,3158
119060788412416,3159
1634562153,3160
35636987822080,3161
9125323740282880,3162
139408310272,3163
1634890752,3164
315301232640,3165
418380906496,3166
35637296439296,3167
9115369774915584,-3168
125779945979904,-3169
22357834511417344,3170
504138563584,3171
1667825664,3172
418413871104,-3173
2037317632,-3174
1701314560,3175
1634467840,-3176
35602611306496,3177
435560906752,3178
120299685150720,3179
1701538156,3180
8247617542365904896,3181
27710205575823360,-3183
9115385185959936,3184
139403984896,3185
110367774605312,3186
9125160531525632,-3187
120349815472128,3188
1769106277,3189
35635880525824,3191
9135160976998400,3192
139141382144,3193
78516297138176,3194
119163867627520,3196
1768776809,3197
110264695390208,3198
315294220288,-3199
119200022528000,3200
9140656773529600,3201
417148698624,3202
9125299732086784,3203
452790124544,3204
504464998400,3205
120298275864576,3206
9117515489738752,3207
2336067975737507840,3208
1953067520,3209
1828716544,3210
313532612608,3211
108168751349760,3212
0,-3213
