440040518176,3
5145679725175242752,-5
27424158312169472,6
7226428162656174080,8
29590518156820480,9
3761385792614694912,10
7802803513930547200,-15
8028546368026968064,17
30787895060398080,-19
7596763826549161984,21
7954799945419063296,22
422725383168,25
4860918314869719040,26
7309377843450871808,27
6157300819608731648,28
27429654553952256,29
500169402624,30
35624379023360,31
7517950831258238976,32
7142824955946729472,-33
29590555679784960,34
30997897679994880,35
128782230880256,36
6013834253198950400,37
30519282228002816,38
119986137858048,39
122507187519488,-40
29079309666746368,-41
8818450934028828672,42
1920234861,43
23398103407132672,44
1952538995,-45
1802791279,-46
35658755538944,-47
2336630953994092544,-48
7022344861231611904,49
18965997687930880,50
2333279569538187264,51
27713328553918464,52
5724764657617469440,53
31369562339409920,54
28554761301131264,-55
1918989427,-56
427038174208,57
1936482669,58
1853055342,-59
470088446976,-60
1819566436,-61
1852142708,62
30716452549951488,-63
1819112820,-64
289565646848,65
7311138187336744960,66
465893618944,67
127991944904704,68
32195260071280640,-69
7666652086628515840,70
1920164196,71
107118302920704,-72
8439861438176034816,-73
128043485167616,74
15258060834471936,75
35607215341568,-76
24044259644538880,-77
461498574336,78
1952803689,-79
14672381914120192,80
27338717211394048,81
32182065931747328,-82
7734214842772357120,83
8247332725904637952,84
470088507904,85
139291030784,86
8462942596719706112,-87
5723630322394857472,88
495740085504,89
27959912524939264,-90
119986142773248,91
7305718703113371648,92
7885355867200028672,-93
5722984840349876224,94
31055843902357504,95
1852404833,-96
5726644049406853120,97
422708343808,98
8746382039931944960,99
2335525919038373888,100
7734123643436793856,101
122490024820736,-102
2333802954252877824,-103
427021398784,104
465659325952,-105
7600217326335557632,106
5143513638094503936,107
482973345024,108
495858246912,109
139358465536,110
8747523637944254464,-111
115587978362880,112
8825402102374203392,113
465793410304,114
7017821444625137664,-115
14390881167605760,116
7089067556132093952,-117
461497530624,-118
115588074569728,-119
9135234024996864,120
8739637927664943104,121
7881690911476809728,-122
5143518023256113152,123
5722703404027871232,124
2338025040248832000,-125
500152235520,126
448479436800,127
139375899648,128
29402506106765312,129
23398038798073856,130
7451035296621133824,131
139476034816,132
6134009808962977792,133
28556653972422656,134
8233460170517118976,-135
1919378797,136
29676263144685568,-137
1986359919,-138
7307407514318929920,-139
469954294272,-140
1769236768,141
1919050016,-142
495874893056,143
3545213014259007488,144
448511964160,145
1751934310,-146
23999178275291136,147
8315440912830300160,148
1835890024,149
7308908382050582528,150
469903745024,151
24052282509230080,152
139376030208,153
495756602368,-154
8028546469076140032,155
13546503482114048,156
444200675584,-157
465910984192,-158
1953265010,159
2319389490684100608,-160
117787232043008,161
1668576629,162
7527041528972181504,163
1919645025,-164
27420858460930048,165
495722789120,-166
495739823104,-167
8382729920643596288,168
29309013359329280,-169
1752527465,-170
8390043515509276672,171
28554778380337152,172
422827090944,173
7660466972945022976,174
448612627968,175
35607198564352,-176
8459203084659195904,-177
91759719022592,178
30997897495445504,179
1818851705,180
35705915244544,-181
1919251304,-182
35611488550912,183
8530220544992215040,-184
1852401257,-185
1852274035,186
1919513697,-187
30796359158202368,-188
1986360421,189
500152492544,190
18974411528863744,191
8602278139030142976,-192
113388989841408,193
29388985583271936,-194
9125312684097536,-195
2338587921482776576,-196
500253943552,-197
30997930563338240,198
2334870584338415616,-199
35658755407872,200
27700134414385152,-201
32208132088266752,202
120308159741952,203
2326426330742128640,-204
35607231397888,-205
122511482486784,-206
1953259873,207
8451409458478710784,-208
7235440857623560192,-209
2337212518335774720,-210
7237883259495907328,211
35624311914496,212
30761175893409792,213
30997952038174720,214
133532347269120,215
7598253306510573568,216
6155139897008062464,217
7238806462716182528,218
8818448756480409600,219
35706049462272,220
7017278281586049024,221
35607232315392,-222
123645366108160,223
118886631800832,-224
6154204543325306880,225
119986058362880,226
29027628509822976,-227
29590504140177408,228
1986360425,229
32476774960988160,-230
500068348928,231
422827096320,232
500270720000,-233
14390882476228608,234
461481734912,235
1920103791,236
27338725801328640,237
7737588917540487168,-238
35323630583808,-239
448479456256,240
14390928412246016,241
5721372664245780480,242
1920230757,-243
6157582234455900160,-244
444201264896,-245
32405275382120448,246
6155330438937182208,247
470087854336,-248
32123763025772544,-249
1953723680,250
431298278144,-251
8382724066603171840,252
470087201280,-253
1937077101,254
9127183997992960,255
8387427012842618880,256
125483584061440,-257
8244810124107972608,258
8102661184945127424,259
470070946816,-260
1920297843,261
29916750980055040,-262
7090108836593270784,263
7737573807845539840,-264
35628790382592,-265
1919908207,-266
7523580124634021888,-267
139492548864,-268
461481735168,269
32204057573588992,270
6143789964892045312,271
35645814734848,272
8824086725690130432,-273
2037151087,-274
27338687146622976,275
6155412575891750912,276
7600494441920462848,277
8819588958628347904,278
8743028529467228160,279
8238526732982812672,-280
7741441967061467136,281
31088830643699712,282
6155133299938295808,283
1920299625,-284
28263084367806464,-285
29027602773573632,-286
35654320783360,-287
107148468355072,-288
6013833961141174272,289
7310018532312350720,290
8315171498121756672,291
1952545129,-292
126583212605440,-293
1818324073,-294
28464648290304000,295
125483701436416,296
8245091599084683264,297
7089920820104921088,298
7719284247961272320,299
34094156414451712,-300
8751731494713556992,301
28464655772942336,302
444300681472,-303
5283602453244149760,-304
495958390016,305
469820055552,-306
9042852315136000,307
30521833438576640,308
139107596544,-309
34169984246611968,-310
7306281653066792960,311
7454337413507186688,-312
2335519257544097792,-313
444301123584,-314
119986059608064,315
20670957886636032,316
6157111471680520192,317
2053206633,318
8238526724392878080,319
35632968957952,-320
31647708884238336,321
1818452256,-322
8031079683736993792,-323
461380086784,-324
469802511360,-325
444301272320,-326
1952805484,327
470205363456,-328
23473613009059840,329
2335210294776692736,-330
30997921973403648,-331
32123814699597824,-332
111189865857024,333
7814906901623209984,334
8031713775528706048,335
461481665792,336
8389960309107851264,-337
1936422253,-338
1685418869,339
1919251555,340
8223688892285452288,341
461381137408,342
7809656729305612288,343
8245353643629346816,344
8235204790527721472,-345
34451137201438720,346
461396665600,347
491580123904,348
139107595008,-349
1650817394,-350
28541262118256640,351
125805839843328,352
1818325792,-353
32731499623088128,354
7021790638651736064,-355
30246931255001088,-356
31369532509519872,357
30997927526662144,358
1953854063,359
461212580352,360
7791350638092222464,361
2053208417,-362
7863392065873248256,363
8461173426676039680,364
8245563620285480960,365
1853056364,366
470087197184,367
8382641964008341504,368
18894469302583296,-369
121085431382016,370
119985874927616,371
28826035445301248,-372
28520371397328896,373
1685418784,-374
8317992849253597184,-375
32405238103146496,-376
1919378720,377
1919643507,-378
8030592273668374528,-379
30153436913729536,380
8317129401913311232,-381
3472310935161405440,382
470070422528,-383
7018689732393566208,-384
500068196352,-385
469902913024,386
6008216861177544704,387
111516198895616,388
1835295086,-389
7791334471835320320,390
7810767274704371712,391
8462862323780943872,-392
470071599360,-393
93958556680192,394
7949791693878853632,-395
1818323744,-396
8319591513390579712,397
1920164206,-398
470070944768,399
115893021769728,-400
27338700031524864,-401
35645852811264,402
35645786750976,403
470088376576,-404
1986358883,405
1919772019,406
1919382892,-407
28552551741784064,408
107079658373120,409
1920103424,410
1836016128,-411
107126953345024,412
1717660928,413
482956148736,414
121420520620032,-415
32216120190566400,-416
28804331314610176,-417
439755276288,418
32216115895599104,419
469987295232,-420
469919727616,421
28000300551897088,422
465776541696,423
121467597488128,424
33051607293755392,-425
1936025088,426
1936089344,-427
30517439150161920,428
427087429632,-429
22328272251518976,430
139292049408,431
444032221184,-432
29389318745227264,-433
22328280841453568,434
30229332743946240,-435
30792269812465664,436
107095546396672,-437
469970190336,-438
1684370944,439
9114208364920832,-440
113741270089728,441
24034688528023552,442
32168905615081472,443
22355712797573120,444
1651074048,445
32196389110808576,446
448529104896,447
1751476992,-448
1936947456,-449
1952653312,-450
32490706039734272,451
32207414291857408,452
474249035776,-453
1819243520,454
1818584832,-455
35680155598848,456
32762641894080512,457
1803121920,458
1819240960,459
431197782016,-460
125771171495936,461
24058907848605696,462
34450332113174528,463
457152856064,464
22364530365431808,465
31842350661632000,466
465658642432,-467
418548219904,468
500101873664,-469
29395907225059328,470
499917848576,471
28556945493327872,472
1852074752,-473
499867975680,474
22362339932110848,475
1936290304,476
30224938992402432,477
1919185664,-478
133463608918016,479
440141479936,-480
1920295168,-481
29103445722005504,-482
24051198382309376,483
2053272832,-484
33812645433835520,-485
457185755136,-486
127832973901824,-487
27692437832990720,-488
107890115346432,489
111499397824512,490
24046791745863680,491
139291656192,492
1651864576,493
107118145306624,-494
28241394246090752,495
448479363072,496
134563120545792,497
139374886912,-498
139357978624,-499
32762671958851584,500
1936025856,-501
30522941003268096,-502
24040220445900800,503
139106451456,504
1717658624,505
448494895104,506
24045687939268608,507
500069171200,508
431147515904,509
31073792033816576,510
521611116544,511
1751738368,512
1819570944,-513
448646873088,514
28817542634012672,-515
31641075609239552,-516
115923096698880,517
28259007906971648,-518
1852399872,-519
24053341570990080,520
9120586391355392,521
23478301284630528,522
30191953643569152,523
31371553526513664,-524
115940159127552,525
34170012482666496,526
1835820032,-527
139359485952,-528
35706026065920,529
31279387823308800,-530
24059973000495104,531
139492786176,532
1801614592,-533
2054103040,-534
118109151166464,535
110382538555392,536
9134085473566720,-537
508607922176,538
33329989894012928,-539
20675706274971648,540
491579703296,-541
18981006669250560,-542
29103437132070912,543
27977532930260992,-544
27413466285342720,-545
289681899520,-546
1853187840,547
22362292687470592,548
28562455936368640,549
27981943861673984,-550
22356507366522880,551
32477511900200960,552
27424306782797824,-553
115940226236416,554
35474081054720,-555
121368981012480,556
23980821048197120,557
1920102144,-558
439921999872,559
28552616166293504,-560
444334604288,-561
1734439424,-562
24033262598881280,563
431484108800,564
34165554306613248,565
22364560430202880,566
33626501551226880,-567
1952803072,-568
121446290423808,569
1818585856,570
28183163079491584,-571
1953787392,-572
1920103680,-573
110090480779264,-574
139207770112,575
111542011953152,576
1853057280,577
22346611761872896,578
465658249216,-579
427121508352,580
80403582943232,-581
107113867116544,582
1919512320,-583
130233642516480,584
30246886275284992,-585
139240734720,586
491310546944,587
20666850052407296,-588
2037212416,589
28551439345254400,-590
28536123491876864,-591
1936028672,-592
111473628020736,593
125771439931392,-594
1818519808,-595
474281541632,-596
1919905792,-597
469903474688,598
1667984896,-599
35474013945856,-600
35323555872768,601
16079747670867968,602
27977571584966656,603
495806644224,-604
1801811456,-605
27377160926789632,606
27718052481073152,-607
2036428800,608
9128587915427840,-609
22310327878156288,610
1852402944,-611
1801546496,-612
130250990157824,613
32744993873461248,614
495874932736,615
111477704884224,616
29103462901874688,617
80403750715392,618
1936681984,-619
14390863450865664,-620
29117709308395520,-621
1852733696,-622
56214461349888,-623
482973188096,624
9123116127092736,625
107174130876416,626
9114294264266752,-627
35667253919744,-628
31073736199241728,629
27981900912001024,630
34165648795893760,631
139358699520,-632
111550534778880,633
470003941376,-634
1700947200,-635
1936269312,-636
107126752018432,637
111357663903744,638
29675170293612544,639
118143309578240,-640
35674535231488,641
289799405568,-642
1667330560,-643
482972991488,644
1886745344,645
28817594173620224,-646
27424465696587776,647
30506413969113088,648
133489395499008,649
422938935296,650
32485530604142592,651
32195229469638656,-652
422725419008,-653
470137765888,654
112646019874816,655
29099094920134656,656
111481832079360,-657
121407786713088,-658
1953002240,-659
27424543005999104,-660
1819287552,-661
1919641600,-662
33058376162213888,-663
33052839949369344,-664
27412349593845760,665
27422249493463040,-666
139257643008,667
22310684360441856,668
1819173120,669
29674118026625024,670
9122068155072512,-671
28537145694093312,672
110382605664256,673
27432179457851392,674
1802791168,675
27691698561744896,-676
465508106240,-677
1919971840,678
1936024832,-679
35684568006656,-680
457080569856,681
1734942720,-682
491289313280,-683
28254609860460544,-684
22356838079004672,685
1952980992,-686
289581367296,687
1651866112,-688
440135581696,-689
122571622187008,-690
1851878656,-691
129074152341504,-692
32492127673909248,-693
1650551040,-694
461397229568,-695
123636774076416,696
122468626857984,697
107083835899904,698
1734441216,-699
121304590057472,700
122537228894208,-701
111512047845376,702
1718378752,-703
465674764288,-704
1918967808,-705
111572244496384,706
123636740521984,707
1937010432,-708
33058384752148480,-709
495875063808,710
22362348522045440,711
122571571855360,-712
1936026880,713
122537077899264,-714
508469182464,-715
427121836032,-716
1920100608,717
1802663168,718
470099689472,-719
2053205504,-720
33054012475441152,-721
31361864080293888,-722
129074269782016,-723
422859440128,724
139156586496,-725
1751216640,-726
9101181729112064,727
33024329956458496,-728
129108646297600,-729
495773089792,-730
1953325312,-731
31367331573661696,-732
1802264832,-733
29367315627769856,734
9129708901892096,-735
2053728000,736
30246954994761728,-737
119208729903104,-738
112579682762752,739
120134530236416,-740
115753663594496,741
134445361266688,742
73955041869824,-743
87299505258496,744
1718091776,-745
110423609180160,746
1650655232,747
74092480823296,748
1802895360,-749
1969291264,-750
2037252096,751
1751646208,752
1953955840,-753
93965294501888,754
78481937399808,755
119103738085376,756
1835925504,-757
1752760320,758
107103599460352,-759
108271830564864,760
2038038528,761
448656310272,762
1734868992,-763
418641870848,764
457112027136,-765
139301224448,766
107077829656576,-767
483083157504,-768
74186970103808,769
120319213830144,-770
115873922678784,-771
111467286233088,-772
439714054144,-773
119163867627520,-774
1953169408,-775
122470992445440,-776
495582183424,-777
93978179403776,778
87333864996864,779
30997854754794784,-810
34375627371017248,-811
29590479871242784,-814
7811810713158181120,-816
7308050408167251968,-818
20583357842026016,824
7308814891016519680,829
32485210536114432,-830
7094612472416763904,-831
7021710414771650560,835
30434982026898944,837
35684508596591,839
106791735488117,842
5290357871785345024,843
27338718611601664,844
8820616991035621376,-845
9042806571364864,-847
8531260723695714304,-849
6155611881468854272,850
7235349960855977984,851
20583357808451584,855
6157019295029460992,856
7812373663112822784,-859
27338727200221184,-860
27424158127582720,861
7157662828629000192,-862
7022273403486011392,864
2337122385829822464,-868
30997927646199808,-870
8243030338549317632,872
13546483385106432,873
30153502732845056,874
422961310752,-877
6143789969723883520,878
431433217312,-880
422944535148,884
444200411501,-885
32123827569819648,886
9114313381183488,889
32450025957097472,890
35654578020352,-891
35615787999488,893
7954897496826707968,-895
7741525463138304000,897
35628673998848,-898
139107530098,899
7021991898453639168,-900
6157019254974578688,903
7021781559627743232,904
111190167877888,-906
461498512747,910
35645602209792,-914
32686751870877696,-915
422827093612,-916
29590527127060480,-918
29027607109763072,-919
121085571260672,-925
29680356233838592,-928
500135322912,932
7021790357029388288,-933
125483819038976,-935
6010370883611262976,-936
7953674101447458816,-937
20583357841997824,-938
8319310091832524800,-939
14953823791480832,-940
139291096064,941
7953764280929615872,942
35628689457152,943
2333256170556358656,944
29676314566852608,945
27338752779091968,-946
115588208787456,947
1735614835,948
7450486928081682432,949
7882742431140020224,950
35611510767616,951
491478674944,952
118147914203136,953
2314957324952797184,954
422725381376,-955
7310875051870388224,956
7575161689721536512,957
32758244384440320,958
93597595860992,959
35628707414016,-960
80403719258112,961
27422264190304256,962
14390906937409536,963
35684508499968,964
24051241868853248,965
6155931906157314048,966
6155422802208882688,967
6157057806064156672,968
127682719252480,969
7228114068618346496,970
6155931545380061184,971
35645752082432,972
1819634549,-973
439906300928,974
7719276877797392384,975
14672357452939264,976
35680346701824,977
139493470720,978
2338601218701524992,-979
469902912512,-980
139376026624,981
8029755871737151488,-982
9114313256075264,983
134279710769152,984
107152674914304,-985
7095738370487222272,986
139274840320,987
115948890947584,988
1818327405,989
9118741484797952,990
8223680036062887936,991
8031166540860620800,992
1953853537,993
482955519232,994
107118303379456,995
448511701760,996
125788542533632,-997
5723070310199066624,998
29590582657548288,999
35705910722560,1000
422961312512,1001
495605608960,1002
27436613676040192,1003
111520746045440,1004
469969760768,-1005
24048657607163904,1006
1936877856,-1007
470088425472,-1008
465590906368,-1009
32762608071213056,-1010
7600494446215430144,1011
8245928653850935296,1012
7454983999358763008,1013
500136502272,1014
129108765835264,1015
126939695480832,1016
444418059776,-1017
5140141457406951424,1018
8242824762590494720,1019
7597326778985611264,1020
1953785202,-1021
35667323125760,1022
139291357696,-1023
126944007225344,1024
1802270061,1025
470103978752,-1026
7214877791160893440,1027
422575436544,1028
1818846574,1029
7311138161566941184,1030
7229811718866599936,-1031
1953853029,1032
1668640357,1033
1937006956,-1034
35654476496896,1035
1937006963,-1036
139358593280,-1037
1937006880,-1038
7020396500857389056,1039
35705899515904,-1040
470088443136,1041
1920298081,-1042
1852072224,-1043
491679711232,-1044
470036840448,-1045
28544885225160704,1046
33056005340266496,-1047
448596803584,-1048
126944033112064,1049
115923012812800,1050
32199670465822720,-1051
1667788288,1052
107127121117184,1053
500102529024,-1054
118070446129152,1055
461498220544,1056
31369504827113472,-1057
499963133952,1058
111525033410560,-1059
129074403999744,-1060
139358044160,-1061
128033511964672,1062
22369993563832320,1063
29114410773512192,-1064
29398879342428160,1065
87387132657664,-1066
30473462980018176,1067
504565661696,1068
22315078111985664,1069
24038012832710656,1070
22272227223273472,1071
431417327616,1072
139425546240,-1073
122490219134976,-1074
32207032039768064,1075
30518495712116736,-1076
30515244421873664,-1077
495740452864,1078
525649051648,1079
422725746688,-1080
1802204416,1081
521577365504,1082
24049016538923008,1083
35650258599936,-1084
1667787008,-1085
20669049075662848,-1086
1853038592,-1087
35650107604992,-1088
24051206972243968,1089
289581563904,-1090
24058770409652224,1091
30522936708300800,1092
431348645888,-1093
129087054020608,-1094
470104866816,-1095
422709231616,-1096
33060558005600256,-1097
1818845440,-1098
470037823488,-1099
470004531200,-1100
1718904064,1101
461498810368,1102
431348973568,-1103
27426505806053376,-1104
29366993505222656,1105
1853122560,-1106
111494985416704,-1107
22355764337180672,1108
28559221825994752,1109
431315222528,1110
32162282775511040,1111
521375383552,1112
422659227648,1113
139359092736,-1114
126905210634240,1115
35650057273344,-1116
1818828800,-1117
1734435328,-1118
422641467392,1119
134636369870848,-1120
139374690304,-1121
1952543744,-1122
1819436288,1123
33054016770408448,-1124
33330019958784000,1125
431316205568,1126
427020189696,1127
289497743360,-1128
32773585470750720,-1129
31363990089105408,-1130
27418985318318080,1131
139173560320,1132
107114068443136,-1133
33329985599045632,1134
1718380800,1135
448646676480,1136
22360136613888000,1137
1667768320,-1138
139358437376,-1139
474383253504,-1140
1936484608,1141
28263470377992192,1142
495774269440,-1143
118109218275328,1144
431315419136,1145
28547079953448960,1146
139475550208,-1147
474265419776,1148
35705724076032,1149
1667459328,-1150
289682751488,-1151
1818304512,-1152
439938777088,-1153
20091848420753408,1154
1953326336,1155
32217211112259584,-1156
30246963584696320,-1157
34152454656360448,1158
33066055563739136,-1159
122507382226944,-1160
9136366101200896,-1161
139106254848,-1162
139492130816,-1163
35615898861568,-1164
1936483584,1165
470114369536,-1166
444243902464,-1167
465618075648,-1168
465601298432,-1169
118077240901632,1170
1919549440,-1171
469795602432,1172
139183783936,-1173
1730150400,-1174
127990025420800,-1175
87320980094976,1176
1701707776,-1177
107133664231424,-1178
139167006720,-1179
491337547776,-1180
339302416384,1181
7947004102858579968,-1184
29590479871241057,-1185
32123793198773536,1186
29590557096767008,1188
7597045237209721856,1189
8241904473277297408,-1190
34375631700848128,1195
8244719227334819840,1196
8367817246255677440,1197
30716456970035200,1198
7737501319302217728,1199
7234224022188195840,1202
7956582275250192384,1203
8746307635838779392,-1204
33053657661775872,-1207
7598171175899889664,-1208
469971002739,-1209
5726925529215401984,1210
125788559340032,-1212
35680112963072,1213
31042651079180288,1214
469902648417,1215
27981610707451904,1216
6157019295122456576,1217
23398107575549952,1218
6155968930620899328,1219
35632867730688,1220
8030516740125360128,1221
29680356250615808,1222
6155893355067736064,1223
106791920017408,1224
6148293570844426240,1225
32123827592429568,1226
30716418225864704,1227
9115417081544704,1228
7810777136486154240,1229
35684508459264,1230
35684440416256,-1231
125483433140224,-1232
7882832206391934976,1233
30997927785988096,1234
1819635307,1239
1919644448,-1240
9114352044998656,1241
499934132480,-1242
35658670604288,-1243
465792760064,1244
7884806111386140672,1245
422575436288,1246
7445983397173788672,-1247
495857983744,1248
495907600640,1249
7935449659911176192,1250
29380515991650304,1251
7740690923310284800,1252
7815271905123893248,1253
427120992256,-1254
23961027573972992,1255
139107593472,1256
2340276878717222912,-1257
9129719152771072,1258
289565666816,1259
461498576896,1260
431182146560,-1261
2339179566112702464,1262
35615670599680,-1263
8314052173809844224,-1264
139376030464,1265
500135717632,1266
1952801897,-1267
134279789019136,1268
7445977543133364224,1269
1935764834,-1270
1818976544,-1271
35624373452800,1272
35654343131136,-1273
121377712832512,-1274
28746100684881920,1275
35684407312384,1276
7454983934934253568,1277
500018280704,1278
14672377619152896,1279
422642349312,1280
525738337536,1281
7882832526668988416,1282
2336630932519256064,-1283
32216186460569600,1284
35615704088576,1285
1852532082,-1286
23961021785833472,1287
32199705362432000,1288
139290835200,1289
500051308032,-1290
35607210360832,-1291
4857261304835997696,1292
6157111321356664832,1293
1819042164,1294
8458997188221992960,1295
470070665216,-1296
30246931053674496,-1297
1852073323,1298
1936487789,1299
22315017982443520,1300
107011039559680,1301
139106779136,1302
465911283712,-1303
439838965760,1304
22348810785128448,1305
1667985152,1306
115910195019776,1307
495774662656,-1308
127832906792960,-1309
31078194375294976,-1310
22363465213542400,1311
1936028928,-1312
121442146451456,1313
431349432320,-1314
133562409943040,1315
128034619260928,1316
115888736960512,1317
22366402971172864,1318
470004924416,-1319
20628075087659008,1320
1836411648,1321
27422339687776256,-1322
35473795842048,-1323
30224904632664064,1324
119243207081984,-1325
499867451392,1326
1650549248,1327
24003927972249600,1328
500018642944,1329
32175506979815424,-1330
1819245056,1331
28562511770943488,1332
1836348672,-1333
33045010223988736,-1334
122488709185536,-1335
111473393139712,1336
431316402176,1337
33067206614974464,-1338
1684825344,1339
491428970496,1340
32767014170787840,-1341
1802706944,1342
28541560920473600,1343
431348580352,-1344
1650553856,-1345
139476664320,-1346
33051817747152896,-1347
448596082688,-1348
1852597504,1349
123574799040512,1350
117016383979520,1351
119052198477824,1352
1786052608,-1353
1702232064,-1354
1651113984,1355
93887985090560,1356
34375593029366304,1357
35654460011879,-1359
500270722677,-1366
27420859771650048,1367
35705916301312,1368
35645820333568,1369
422708605472,-1370
7596763775009554432,1371
31279376987324416,-1372
7310315727406235648,1373
6155611918745731072,1374
28254289669390336,1375
422944535072,1377
32463572351057920,-1378
8531350913577648128,1379
30997871850749952,1380
7956828239429632000,1382
139493469728,-1383
139476541440,1385
6157104724286898176,1386
444300878336,-1387
7737591400031584256,1388
28804380404744192,-1389
474281507072,1390
29106409786310656,1391
14390872577671168,1392
7959393703154417664,1393
35654459719680,-1394
8102661219304865792,1395
30519283536625664,1396
431483087872,1397
35667327909888,1398
9114313289629696,1399
500135721216,1400
7881707683324100608,1401
35710009933824,1402
35684239081472,1403
30506397326114816,1404
7022638405066424320,1405
139292145152,1406
7596553822311284736,1407
115588091346944,1408
139292013824,-1409
6157392796333375488,1410
1853189733,1411
1853235200,1412
525738442752,1413
1801545216,1414
495723020288,-1415
431333048320,1416
431349039104,-1417
457152462848,1418
457086402560,1419
24037987062906880,1420
27411318801694720,1421
1852727552,-1422
431331868672,1423
35649855946752,-1424
134634876698624,-1425
115922811486208,1426
495807627264,-1427
35658798202880,1428
33059303875149824,-1429
1751934208,1430
9127539943407616,1431
422708314112,-1432
24052285009035264,1433
34165592961318912,-1434
1801809152,1435
1935745024,-1436
129108377862144,-1437
129134516764672,-1438
1835758848,1439
2053924096,1440
34165631616024576,-1441
1852006656,-1442
427150016512,-1443
1718971136,-1444
1852596480,-1445
1853191168,-1446
139475353600,-1447
1952542208,-1448
32492157738680320,-1449
87217900879872,1450
106940390703104,-1451
116977729273856,-1452
118154550312960,1453
444109684736,-1454
465634852864,-1455
1836056576,-1456
444160016384,-1457
74113955659776,-1458
1734606848,-1459
118068650967040,-1460
469929820160,1461
112609747533824,-1462
1696595968,-1463
78494822301696,-1464
122539711922176,-1465
129115306852352,-1466
7955925901229686784,1470
9042883796889088,1472
28183113476866048,-1474
6155330443769020416,1475
500270722421,-1477
35654375928576,-1478
35667228060928,1485
28804406243753984,-1486
470088512000,1489
30510486134980608,1490
2336067943911129088,1491
6157393157110628352,1492
7306372908236931072,1493
8462949159429734400,-1494
121390329298944,1495
6157101756464496640,1496
6157393152815661056,1497
7308323416094801920,1498
461413642752,-1499
121085649485824,1500
121085385965568,1501
465658016256,1502
8029390833876729856,-1503
5724766087841579008,1504
139376030720,1505
35680128663552,1506
35684402331648,1507
7882834764346949632,1508
6134036162882306048,1509
30246931070451712,-1510
35645869588480,1511
121420554174464,1512
111490539454464,1513
1886609664,-1514
1818327552,1515
9140738377908224,1516
422842662912,-1517
1818632192,-1518
118143578013696,1519
470071377920,-1520
431432466432,-1521
30224934697435136,-1522
24059938640756736,1523
22364564725170176,1524
1852268800,-1525
1684301056,1526
470071246848,-1527
126939570372608,1528
482990161920,1529
1919509760,-1530
1953784064,-1531
1852400640,-1532
1919377664,-1533
2037604608,-1534
1668641280,-1535
2037146880,1536
440141152256,-1537
35650157936640,-1538
27424461401620480,-1539
30224947582337024,-1540
33024291301752832,-1541
1835081728,-1542
35635343654912,1543
134630044860416,1544
2013265920,-1545
28464657156370037,-1547
7596280784318955520,-1552
34375593012502528,-1553
7020584553625747456,1554
7233098122281353216,1555
139376029029,1558
31069400201494528,-1559
500170059381,1560
6155048968792309760,1561
7815188382572609536,1562
8030516739756261376,1563
6148293569351254016,1565
1885696623,-1566
1667457379,1567
8246213427362529280,1568
431415784704,1569
129142995877888,-1570
107152764370944,1571
7598258030974599168,-1572
32686704221487104,1573
7454127492685627392,1574
27422320058433536,-1575
7526200436936671232,-1576
6155931871797575680,1577
1852272498,1578
1818325881,1579
470071664896,-1580
35654190825472,1581
1818325536,-1582
123645447897088,1583
1802463488,-1584
491429101568,1585
133480923004928,1586
111559275708416,1587
30528382726832128,-1588
28562473116237824,1589
1802792704,1590
24048982179184640,1591
27707035889958912,-1592
27428837973295104,-1593
22310658590638080,1594
2053730816,-1595
1852403456,-1596
24058882078801920,1597
115879945699328,1598
28563637052375040,1599
24053053808181248,1600
1885890816,-1601
28536119196909568,1602
125835864440832,1603
422860029952,-1604
107084037226496,-1605
24044562657837056,1606
32485534899109888,1607
1650552320,-1608
22355734272409600,1609
139257249792,-1610
444176793600,-1611
87355339833344,1612
474191233024,-1613
1954086912,-1614
93930934763520,1615
28464657189924384,1616
7596200880999038976,1619
35645870601586,1621
4851902315763859456,-1622
457185912174,1623
7521410961819828224,1624
35654459941120,-1626
9129736601075712,1627
7310027654822887424,-1628
35607214882816,-1629
35705915703296,1630
461213163776,1631
491563278592,-1632
7863411530665033728,1633
27422281504391168,1634
34094156615778304,-1635
5724766117906350080,1636
27691623164936192,1637
106791914438656,1638
469835542016,-1639
7308906187322294272,1640
35710008885248,1641
1919772014,1642
500270702592,-1643
139492947200,1644
6159047883455725568,-1645
6155422832273653760,1646
35654375571456,-1647
470204834048,-1648
31632292401119232,-1649
111576455577600,1650
123611104935936,1651
1684632064,1652
9125345215119360,1653
33066077038575616,-1654
1919774464,1655
2053988608,-1656
9136305971658752,-1657
22366733683654656,1658
93746251169792,1659
122518237085696,-1660
433791696896,-1661
2337122416131571712,1662
35607199182080,1664
8454136579705798656,-1666
31365168822747136,1668
2054515820,-1669
7308041893873451008,1670
139376032000,1671
495874699264,-1672
27423350817030144,1673
1818587936,-1674
9113989858459648,1675
1920295712,-1676
8101813139357564928,1677
121446414483456,-1678
139374980608,1679
469819392000,-1680
111550819991552,1681
27428846563229696,-1682
35628683100160,-1683
469898362880,1684
139358371840,-1685
1819501824,1686
525872398336,1687
31369354503258112,-1688
495841574912,-1689
29079308005801984,1690
2054291456,1691
439898603520,-1692
1734803456,-1693
1953628160,-1694
491371102208,-1695
122350733361152,-1696
2334393067242520576,-1700
20583319047503872,1702
8317988427249221632,1703
111189781999104,1704
1818324069,1705
1852273952,1706
7812460488251408384,1707
7526488508983148544,1708
8317986247888863232,-1709
525904995840,1710
32205934558183424,-1711
469835804160,1712
8750331812116430848,-1713
35632732766208,1714
1952998770,-1715
28543785713532928,1716
444413771776,-1717
525905231872,-1718
1668246272,1719
431315812352,1720
1752331520,1721
24044545477967872,1722
22357963360436224,1723
22272179978633216,1724
1818980096,-1725
1952539648,-1726
139358765056,-1727
30240297795452928,-1728
139376001024,-1729
476741369856,-1730
30510487445700608,1733
461481669996,1734
500034533632,1735
9114313490956288,1736
1835366770,1737
14672347554381824,1738
495672434688,1739
35654359908352,-1740
7878317961990111232,1741
6157101786529267712,1742
470070421504,-1743
1650814496,-1744
2334393357637255168,1745
2054519151,1746
495773508864,1747
470104236544,-1748
111516342812672,1749
23469543846313984,1750
33325557487763456,-1751
1886724096,1752
1952540160,-1753
22310688655409152,1754
9128570735558656,1755
431315156992,1756
448495550464,-1757
35658865311744,1758
24044541183000576,1759
1918987008,-1760
1818322688,-1761
1919836672,1762
1851858944,-1763
426946592768,1764
469954225508,-1768
7885647261068165120,1769
500135259904,-1770
7453295149498499072,1771
27428861293625344,-1772
107122699468800,1773
8245654549038104576,1774
422708605952,-1775
1667981671,1776
7960500967198162944,1777
24050855321796608,1778
28276582913146880,-1779
27410172045426688,1780
22370036513505280,1781
461364133888,1782
30244764561440768,1783
31369564956655616,-1784
1885929472,-1785
1684602880,-1786
32968226484089376,-1787
7741527726485405696,1788
5721656340091240448,1789
448511700585,1790
7445931365490491392,1791
8819574634912415744,1792
2334393353342287872,1793
139359250176,-1794
35680279396352,1795
24043158740402176,1796
2336089955618521088,1797
2037738272,1798
1818588160,-1799
118147889758208,1800
20673515841650688,1801
289677508608,-1802
500035026944,1803
33067155075366912,-1804
470071508992,-1805
30506448328851456,-1806
24059981590429696,1807
2054778624,1808
1935764480,-1809
525714063360,1810
29675957941248000,-1812
35680230383616,1813
470104239461,-1814
23960988803923968,1815
7237970060784959488,-1816
24052281250938880,1817
495740873472,1818
1920229738,1819
35675935342592,1820
1936682496,-1821
28254639925231616,1822
499951140864,1823
22355407854895104,1824
122404185571328,1825
35658445881344,1826
1952522240,-1827
1818324224,-1828
1936549120,1829
1668284416,1830
422827093536,-1831
7737589274022772736,1832
1818586465,-1833
461379823616,1834
35654442680320,-1835
24017128252243968,1836
30246929761828864,-1837
469836431360,-1838
465575346176,-1839
30521785657065472,-1840
34447098002800640,1841
1936944896,-1842
16079721901064192,-1843
1852252160,-1844
1668048128,1845
1870266368,1846
87286620356608,1847
28804406249193472,-1848
35645887440640,1849
2338319782379520000,1851
24016769924464640,1852
422842990592,-1853
139392778240,1854
93958415843328,-1855
28559178876321792,1856
108243611287552,-1857
2053989632,1858
126939587149824,1859
1886151936,1860
35542666313728,-1861
1667366912,1862
125782412230656,1863
440040518259,1864
6157019293629284352,1865
422944535147,1866
13546444752748544,1867
139359251712,-1868
35684541071360,1869
35684238819328,1870
5716030137246416896,1871
448596369664,-1872
461364359680,1873
111550704648192,1874
24059651414818816,1875
448596764928,-1876
422843056128,-1877
111473510580224,-1878
35649906278400,-1879
115948883279872,-1880
482749710336,1881
427036931443,1883
24045359074377728,1885
7023752206050394112,1886
3472310960931209216,1887
35654460571648,-1888
469988081664,-1889
33024119503060992,-1890
28555858866601984,-1891
24053204132036608,1892
1986592768,1893
1818361856,1894
122544006889472,-1895
365072220160,1896
8028546414919286784,-1897
500136504949,1898
7453295119433728000,1899
6157111682133917696,1900
139291357952,-1901
448528872704,1902
461379928064,1903
35641282789376,1904
474382598144,1905
24053384520663040,1906
1937008896,-1907
129136781688832,-1908
27338679940115968,1910
22362006770155520,1911
2333279565243219968,1912
1853252978,1914
7306071654935822336,1915
1918985728,-1916
2053730304,-1917
30803249560813568,1918
1919640953,-1919
32498554874363904,1920
2333556663648256000,-1921
427088150528,1922
139252989952,1923
24043514685816832,1924
33066042678837248,-1925
139107827712,1926
125805682229248,1927
1885430528,-1928
2036793344,-1929
35628573335552,-1930
108183450288128,1932
35684385554432,1933
1920164212,1934
31378305215102976,-1935
22369701506056192,1936
422709624832,1937
22356799424299008,1938
32463540371587072,-1939
1819568384,-1940
112615988658176,1941
1936482560,-1942
122565481725952,-1943
8029473331608551424,1944
24046457275285504,1945
35645853204480,1946
139107573760,1947
125767161741312,-1948
115586696740864,1949
22360166678659072,1950
35675659304960,1951
495615737856,1952
35654460011883,-1953
461497922926,1954
7308057329985912832,1955
4850229932271337472,1956
7089039016074412032,1957
24053410290466816,1958
1718972928,1959
35645980409856,-1960
91688961835008,1961
139292144481,1962
139291353856,-1963
8315180328574517248,1964
35615789023232,1965
27423402474078208,1966
7741533226526572544,1967
525822197760,1968
23999538515673088,1969
35624395800576,1970
24045640694628352,1971
119185342464000,1972
6157101752169529344,1973
31078177195425792,1974
422826016768,-1975
444318613504,-1976
1818583552,1977
31361657921863680,-1978
28270004858351104,1979
7518049765829902336,1980
444301930496,-1981
34447089412866048,-1982
35615563317248,1983
1651900416,1984
122333553491968,-1985
35645752632576,1986
35654359318528,-1987
35684391124992,1988
35645752147968,-1989
28804400034086912,-1990
108243711950848,1991
2054815744,1992
3617009663263899648,-1994
8245928615196229632,1995
1920298597,1996
35710277582848,1997
7522544556479348736,1998
1937006952,1999
93954322202624,-2000
24046813220700160,2001
35680229815552,2003
139274839296,2004
35611494121472,2005
139157307392,2006
22355695617703936,2007
470087721216,2008
470087696384,-2009
1920295424,-2010
114636972097536,-2011
139425315072,2012
35650074050560,-2013
9125310855380992,2014
35473946836992,-2015
35649889501184,-2016
93905164959744,2017
1885667328,2018
139492420608,-2019
8310675595075780608,2020
448730628096,2021
24045649284562944,2022
35654460531051,2024
6159271093442969600,2025
139291095808,-2026
32195156455194624,2027
426852352000,2028
9118748145352704,2029
24045644989595648,2030
22360132318920704,2031
1918985216,-2032
35654276051456,2033
8027785220482662400,2034
1937006948,2035
35675934294016,2036
2336067952501063680,-2037
32481102492860416,2038
22354639055749120,2039
13546448907927552,-2040
34469055704334336,2041
35680088489984,2042
7021797278671175680,-2043
139392385024,2044
1936029184,-2045
461396836352,2046
139493469440,2047
24017092047011840,2048
35645752633600,2050
7881984807498940416,2051
461481730816,2052
22354666872373248,2053
30493279959121920,-2054
35658613653504,2055
1818715392,2056
1818779904,2057
23999534220705792,2058
24043160051122176,2059
22315082406952960,2060
24051954296553472,2061
1818624000,2062
448595779840,-2063
111481966297088,2064
416611827712,-2065
35667328696320,2066
126905076416512,2067
431332065280,2068
1953038336,-2069
28464579846958592,2070
24050856630419456,2071
139492327424,2072
24051138252767232,2073
22371093075460096,2074
23961077620408320,2075
461480683776,2076
1919706368,2077
139275165952,2078
22370801017683968,2079
139375441184,-2080
6155893393722441728,2081
2053203456,-2082
1852142592,-2084
24052237764395008,2085
461481670003,2086
35684255727616,2087
35654553567232,-2088
491293835264,-2089
34447046463193088,2090
27422320142319616,2092
35654455001088,-2093
1953260800,2094
24059652725538816,2095
461380067328,-2096
22362361406947328,2097
139258560512,-2098
448613449728,2099
8319675127813898240,2100
422944535040,-2101
35684618338304,2102
289406976000,-2103
29674062192050176,2105
32497657131892736,2106
139375375616,2107
461481670009,2108
32210624427589632,2109
22366695028948992,2110
23961026080800768,2111
482972759296,2112
31365111075569664,-2113
1852073317,-2114
1936588800,2115
134634339827712,2116
461515352832,2117
32195222674866176,2118
127981972357120,2119
1919287296,-2120
32123831848009728,2121
24052289304002560,2122
125844336934912,2123
139493466880,2125
289598996480,-2126
1853055232,2128
24044614197444608,2129
1685418606,-2130
32463580871786496,-2131
6157393122750889984,2132
448612363520,2133
24051215562178560,2134
491578851328,2135
93939524698112,2136
24059942935724032,2137
470105128960,-2139
35658731094016,-2140
22354308343267328,2141
422726336512,2142
7600212971238719488,2143
7310293702277070848,2144
24038021422645248,2145
24046458586005504,2146
24051142547734528,2147
8314047827302940672,2148
35611620671488,2149
31377227178311680,-2150
22355738567376896,2151
2334405492834566144,2152
1751739648,2153
1919051124,-2154
24043510390849536,2155
35615554207744,2157
31362934064021504,2158
500135388416,2159
118147654877184,2160
27973182128390144,2162
87342454931456,2163
448731115008,2164
111542280388608,2165
5724766083546611712,2166
1953853544,2167
30224973352140800,2168
24052310778839040,2169
499901857792,2170
1920232549,2171
35684239343616,2172
461514041344,2173
422860554240,-2174
24058843424096256,2175
1986068480,-2178
24053380225695744,2179
22357937590632448,2180
13563712879198208,2181
22354669120520192,2182
495756603904,2183
35641558106112,2184
1761607680,-2185
139375899904,2186
1667694592,2187
1919705344,-2188
22328242186747904,2189
22354634760781824,2190
35607074045952,2191
91703658676224,-2192
35648765427712,-2193
129162551492608,-2194
448496467968,2195
24053414585434112,2196
22356859553841152,2197
129111011885056,-2198
35654354337792,-2199
495773941760,2200
8243105073631068160,2201
495840490496,-2202
31647726030553088,2203
7453295080779022336,2204
24043488916013056,2205
444076130304,-2206
139357913088,-2207
24043518980784128,2208
24045713709072384,2209
107073534689280,-2210
1668572416,2211
56212531970048,2212
110449378983936,2213
461212024832,2214
114795885887488,2215
24017096341979136,2216
33053960935833600,-2217
1735131136,-2218
500270694400,2219
24044579837706240,2220
24052276419100672,2221
28548007666384896,-2222
470104276992,-2223
1802724608,2224
2054516340,2225
24051185497407488,2226
28554744003821568,2227
31367155480002560,-2228
35473930059776,-2229
139375441152,2230
35615663980544,2231
35676028403712,2232
87282325389312,2233
107112726265856,2234
127831648501760,-2235
491563283744,2236
111510235906048,2237
57312043597824,2238
24051176907472896,2239
139107005696,2240
1667825664,-2241
1937113088,2242
1952539136,-2243
93898487627776,2244
24051211267211264,2245
1802305536,2246
87166361272320,2247
33050507782127616,-2248
1852112896,2249
461272776704,2250
9118769620189184,2251
500135231488,2252
24044257715159040,2253
22357894640959488,2254
431543549952,2255
444301931008,-2256
2054515712,2257
35645853802496,2258
32204016972726272,2259
29367281268031488,-2260
24059977295462400,2261
22357933295665152,2262
87368224735232,2263
22362331342176256,2265
139290831872,2266
24017100636946432,2267
2339150940155674624,-2268
35692839174144,2269
1835820288,2270
35542649536512,2271
35632709632000,2272
32758248142536704,2273
115946937122816,2274
24044584132673536,2275
35680239484928,2277
35684467343360,2278
22362335637143552,2279
2334957441462042624,2280
28538313925197824,2281
1885863936,2282
500152492288,2283
1802265856,2284
119189637431296,-2285
30240338295652352,2286
24045683644301312,2287
24046787450896384,2288
35632961290240,2289
22370023628603392,2290
31369496237178880,-2291
24044588427640832,2293
35615596871680,2294
431417029492,2295
1751449600,2296
1717895168,2297
470070424576,-2298
469963374592,2299
1853423616,2300
22371127435198464,2301
35680172376064,2302
107127011308800,2303
448612628736,2304
22362365701914624,2305
6157101425752014848,2306
22360158088724480,2307
24043484621045760,2308
24045709414105088,2309
469986639872,-2310
2053570560,2311
87329570029568,2312
1801519104,-2313
495840722944,-2314
35648228556800,2315
93879395155968,2316
139274551296,2317
87381109637120,2318
422836174848,2320
22371088780492800,2321
119169991311360,2322
31369509122080768,-2323
24046817515667456,2324
1667563520,2325
32968256778141696,2326
1627389952,-2327
32210656992165888,2328
461608321024,-2329
23961029838897152,2330
422826672128,2331
139107593827,2332
22357898935926784,2333
35653060395008,-2334
7878330030848212992,2335
35658529767424,2336
35684390076416,2337
111523120807936,2338
139351556096,2339
24044549772935168,2340
500135886848,2341
128930623258624,-2342
24045679349334016,2343
2336089938438651904,2344
23999504155934720,2345
24046744501223424,2346
1668415488,2347
24046748796190720,2348
87290915323904,2349
1937006848,-2350
470104670208,-2351
139291525120,2352
22355699912671232,2353
93883690123264,2354
33058358982344704,-2356
22362296982437888,2357
24017130701717504,2358
24044618492411904,2359
139291328512,2360
133504763428864,2361
24052315073806336,2362
87359634800640,2363
35705983401984,2364
461230112768,2365
93952409600000,2366
461381042176,2367
93982474371072,2368
24046783155929088,2369
1818558464,2370
1744830464,-2372
139101995008,2373
24051146842701824,2374
93922344828928,2375
35652523524096,2376
139375935488,2377
24051181202440192,2378
35684417011712,2379
24046778860961792,2380
2036662272,2381
35607225040896,2382
287762808832,2383
87325275062272,2384
35680205930496,2385
93956704567296,2386
87385404604416,2387
133483288592384,-2388
93926639796224,2389
93763431038976,2390
93814970646528,2392
448479456512,2393
521737863168,2394
431426109440,2395
35615714312192,2396
93918049861632,2397
1818951680,2398
422944505856,2399
93948114632704,2400
1919221760,2402
87351044866048,2403
521486204928,2404
2053439488,2405
500135821312,2406
442381631488,2407
0,-2408
